      AMA340 0.0014 0.0242 0.9735 0.0008 
      AMA601 0.0007 0.0615 0.9361 0.0018 
      AMA656 0.0013 0.0652 0.9313 0.0022 
    AMANA034 0.0039 0.3634 0.6254 0.0073 
    AMANA137 0.0022 0.3965 0.5716 0.0296 
      AMZ551 0.0937 0.4087 0.4718 0.0258 
      AMZ610 0.0569 0.3927 0.5472 0.0031 
       B4615 0.0010 0.0084 0.9892 0.0014 
       B5082 0.0013 0.0141 0.9823 0.0023 
       BR033 0.0312 0.6568 0.2663 0.0457 
       BR036 0.0030 0.6522 0.2945 0.0503 
     BR36440 0.0062 0.0343 0.9527 0.0069 
      CAM117 0.0020 0.0193 0.9774 0.0013 
      CPE012 0.9262 0.0031 0.0032 0.0675 
      CPE025 0.9301 0.0124 0.0033 0.0542 
      CPE049 0.9142 0.0182 0.0068 0.0609 
      CPE069 0.9602 0.0069 0.0044 0.0286 
    CPEII008 0.9484 0.0045 0.0025 0.0447 
      CUJ027 0.0011 0.0826 0.9111 0.0053 
      CUJ072 0.0008 0.0855 0.9113 0.0024 
      FPR006 0.0007 0.3523 0.6461 0.0010 
      FPR015 0.0038 0.3712 0.5938 0.0312 
      FPR021 0.0009 0.4503 0.5456 0.0032 
    GAPTO259 0.2368 0.0153 0.0067 0.7413 
    GAPTO268 0.2161 0.0245 0.0051 0.7542 
    GAPTO277 0.2329 0.1517 0.0323 0.5831 
    GAPTO327 0.2427 0.0175 0.0093 0.7305 
      MAM010 0.0016 0.3319 0.6320 0.0346 
      MAR092 0.0058 0.3449 0.6454 0.0039 
       MF005 0.0902 0.5158 0.2606 0.1334 
     MPDS628 0.0067 0.3428 0.6307 0.0198 
      MSF107 0.1567 0.5589 0.2051 0.0794 
       MT087 0.0007 0.4936 0.5045 0.0012 
       MT123 0.0004 0.5700 0.4289 0.0007 
       OM022 0.0012 0.1724 0.8255 0.0010 
       OM112 0.0006 0.1150 0.8830 0.0014 
       OM172 0.0012 0.1354 0.8616 0.0018 
       OP100 0.0013 0.3903 0.6050 0.0035 
     PIME024 0.0088 0.4469 0.5419 0.0024 
     PIME062 0.0007 0.4239 0.5736 0.0018 
     PIME079 0.0106 0.3251 0.6629 0.0014 
     PIME134 0.1258 0.4198 0.2737 0.1807 
     PIME135 0.1078 0.4880 0.2450 0.1592 
     PIME169 0.0013 0.4182 0.5738 0.0068 
     PIME460 0.0017 0.3430 0.6533 0.0019 
     PIME482 0.0629 0.5485 0.2988 0.0898 
     PIME521 0.0261 0.5145 0.3086 0.1508 
     PIME522 0.0869 0.5184 0.3359 0.0588 
    PPBIO221 0.1959 0.4162 0.1928 0.1950 
    PPBIO305 0.2295 0.4340 0.1840 0.1525 
      PPS041 0.0022 0.4633 0.5303 0.0042 
      PPS174 0.0138 0.7343 0.2492 0.0026 
      PPS221 0.0009 0.4894 0.5074 0.0024 
      PPS352 0.0075 0.4500 0.5335 0.0089 
      PUC008 0.0008 0.1211 0.8768 0.0013 
      RDO007 0.3189 0.3034 0.0906 0.2871 
      TLP025 0.0036 0.6094 0.3808 0.0061 
      TLP123 0.0009 0.6818 0.3157 0.0017 
    UFAC1007 0.0028 0.0415 0.9532 0.0024 
     UFAC305 0.0006 0.0849 0.9139 0.0006 
     UFAC476 0.0008 0.0349 0.9627 0.0015 
      UHE442 0.1815 0.3484 0.2684 0.2017 
      UNA002 0.9886 0.0024 0.0024 0.0067 
      UNA018 0.9939 0.0026 0.0017 0.0018 
      UNA088 0.9275 0.0350 0.0121 0.0254 
      UNA110 0.9891 0.0024 0.0021 0.0064 
      UNA124 0.9871 0.0053 0.0045 0.0031 
       WM281 0.1402 0.4275 0.3707 0.0616 
       WM293 0.1040 0.4786 0.2582 0.1592 
