      AMA340 0.0056 0.0007 0.0033 0.1956 0.0002 0.0003 0.7845 0.0098 
      AMA601 0.0052 0.0023 0.0047 0.1680 0.0001 0.0005 0.7953 0.0240 
      AMA656 0.0047 0.0012 0.0123 0.1585 0.0002 0.0004 0.8045 0.0183 
    AMANA034 0.0181 0.0030 0.0744 0.0500 0.0005 0.0018 0.8165 0.0357 
    AMANA137 0.0310 0.0013 0.0966 0.0257 0.0003 0.0032 0.8142 0.0278 
      AMZ551 0.0090 0.0064 0.1222 0.0362 0.0061 0.0024 0.7602 0.0575 
      AMZ610 0.0074 0.0064 0.0953 0.0276 0.0026 0.0007 0.7936 0.0663 
       B4615 0.0064 0.0003 0.0028 0.2023 0.0001 0.0003 0.7842 0.0036 
       B5082 0.0021 0.0003 0.0024 0.1737 0.0002 0.0004 0.7966 0.0243 
       BR033 0.0006 0.0599 0.1743 0.0011 0.0002 0.0010 0.7611 0.0017 
       BR036 0.0044 0.1020 0.1058 0.0023 0.0002 0.0054 0.7692 0.0107 
     BR36440 0.0226 0.0015 0.0095 0.1521 0.0011 0.0015 0.8077 0.0041 
      CAM117 0.0035 0.0003 0.0025 0.2049 0.0002 0.0003 0.7725 0.0157 
      CPE012 0.0003 0.0003 0.0021 0.0005 0.2304 0.0633 0.7028 0.0004 
      CPE025 0.0007 0.0005 0.0053 0.0004 0.2181 0.0627 0.7112 0.0012 
      CPE049 0.0004 0.0006 0.0056 0.0006 0.1968 0.0553 0.7399 0.0009 
      CPE069 0.0003 0.0007 0.0132 0.0007 0.2318 0.0462 0.7060 0.0009 
    CPEII008 0.0003 0.0006 0.0037 0.0004 0.2333 0.0560 0.7052 0.0005 
      CUJ027 0.0147 0.0003 0.0098 0.1639 0.0001 0.0006 0.7853 0.0253 
      CUJ072 0.0075 0.0006 0.0209 0.1573 0.0001 0.0005 0.8000 0.0131 
      FPR006 0.2179 0.0014 0.0021 0.0074 0.0001 0.0003 0.7682 0.0026 
      FPR015 0.0222 0.0010 0.0993 0.0518 0.0002 0.0017 0.8003 0.0236 
      FPR021 0.0389 0.0008 0.1083 0.0389 0.0001 0.0003 0.7719 0.0408 
    GAPTO259 0.0003 0.0011 0.0048 0.0007 0.0349 0.2215 0.7340 0.0027 
    GAPTO268 0.0007 0.0010 0.0028 0.0006 0.0285 0.2327 0.7332 0.0006 
    GAPTO277 0.0023 0.0027 0.0154 0.0006 0.0303 0.1592 0.7886 0.0008 
    GAPTO327 0.0018 0.0003 0.0066 0.0006 0.0360 0.2166 0.7371 0.0009 
      MAM010 0.0347 0.0019 0.0809 0.0586 0.0002 0.0014 0.7948 0.0274 
      MAR092 0.0258 0.0023 0.0854 0.0524 0.0004 0.0007 0.8106 0.0225 
       MF005 0.0014 0.0011 0.2116 0.0009 0.0007 0.0186 0.7620 0.0036 
     MPDS628 0.0464 0.0003 0.0945 0.0257 0.0004 0.0013 0.8239 0.0075 
      MSF107 0.0037 0.0396 0.1016 0.0025 0.0154 0.0069 0.8135 0.0169 
       MT087 0.0039 0.0041 0.0040 0.0115 0.0001 0.0003 0.7596 0.2165 
       MT123 0.0016 0.0009 0.0019 0.0023 0.0001 0.0002 0.7640 0.2290 
       OM022 0.0463 0.0092 0.0127 0.1512 0.0002 0.0003 0.7684 0.0117 
       OM112 0.0833 0.0015 0.0072 0.1365 0.0001 0.0004 0.7667 0.0044 
       OM172 0.0438 0.0045 0.0103 0.1476 0.0002 0.0004 0.7862 0.0069 
       OP100 0.0342 0.0008 0.0094 0.0666 0.0002 0.0014 0.7591 0.1283 
     PIME024 0.0378 0.0009 0.1353 0.0301 0.0003 0.0003 0.7786 0.0167 
     PIME062 0.0093 0.0006 0.1176 0.0483 0.0001 0.0003 0.7867 0.0372 
     PIME079 0.0122 0.0006 0.0922 0.0627 0.0004 0.0003 0.8163 0.0152 
     PIME134 0.0006 0.0009 0.1609 0.0012 0.0057 0.0445 0.7850 0.0011 
     PIME135 0.0006 0.0015 0.1874 0.0008 0.0019 0.0314 0.7758 0.0007 
     PIME169 0.0222 0.0020 0.1017 0.0485 0.0001 0.0005 0.7916 0.0334 
     PIME460 0.0528 0.0006 0.0758 0.0449 0.0002 0.0004 0.7826 0.0427 
     PIME482 0.0009 0.0051 0.1900 0.0011 0.0008 0.0066 0.7931 0.0022 
     PIME521 0.0015 0.0258 0.1320 0.0030 0.0007 0.0288 0.8027 0.0055 
     PIME522 0.0017 0.0459 0.1590 0.0023 0.0011 0.0039 0.7831 0.0031 
    PPBIO221 0.0008 0.0012 0.1169 0.0009 0.0252 0.0543 0.7996 0.0012 
    PPBIO305 0.0008 0.0019 0.1421 0.0007 0.0323 0.0367 0.7843 0.0013 
      PPS041 0.0102 0.0204 0.0240 0.0189 0.0003 0.0013 0.7971 0.1279 
      PPS174 0.0015 0.1320 0.0546 0.0008 0.0008 0.0005 0.8062 0.0036 
      PPS221 0.0029 0.0514 0.0033 0.0199 0.0002 0.0005 0.8097 0.1121 
      PPS352 0.0133 0.0014 0.0446 0.0210 0.0013 0.0038 0.8076 0.1069 
      PUC008 0.0101 0.0007 0.0443 0.1555 0.0001 0.0003 0.7852 0.0038 
      RDO007 0.0033 0.0008 0.0846 0.0006 0.0565 0.0891 0.7632 0.0019 
      TLP025 0.0010 0.0590 0.1028 0.0060 0.0002 0.0006 0.7890 0.0414 
      TLP123 0.0094 0.0795 0.0653 0.0033 0.0001 0.0004 0.7753 0.0667 
    UFAC1007 0.0015 0.0007 0.0059 0.1674 0.0004 0.0005 0.8128 0.0108 
     UFAC305 0.0223 0.0020 0.0070 0.1602 0.0001 0.0002 0.7880 0.0201 
     UFAC476 0.0101 0.0009 0.0034 0.1673 0.0001 0.0004 0.8129 0.0049 
      UHE442 0.0007 0.0010 0.1697 0.0027 0.0189 0.0534 0.7517 0.0019 
      UNA002 0.0002 0.0002 0.0014 0.0004 0.2510 0.0289 0.7175 0.0004 
      UNA018 0.0002 0.0003 0.0012 0.0003 0.2659 0.0239 0.7078 0.0004 
      UNA088 0.0014 0.0007 0.0053 0.0007 0.2179 0.0367 0.7363 0.0010 
      UNA110 0.0002 0.0002 0.0011 0.0004 0.2586 0.0298 0.7094 0.0003 
      UNA124 0.0006 0.0003 0.0027 0.0006 0.2405 0.0188 0.7357 0.0009 
       WM281 0.0025 0.0050 0.1560 0.0047 0.0055 0.0144 0.8034 0.0085 
       WM293 0.0052 0.0043 0.1830 0.0011 0.0012 0.0367 0.7677 0.0008 
