0.103810 0.098684 0.101597 0.100496 0.112391 0.115129 0.114515 0.093402 0.113296 0.119160 0.107703 0.104792 0.116048 0.115620 0.107670 0.103546 0.116396 0.099748 0.100000 0.118663 0.116344 0.114963 0.117403 0.107476 0.109831 0.114527 0.107743 0.105550 0.102929 0.098861 0.107553 0.113582 0.110737 0.110751 0.097828 0.113782 0.097579 0.109750 0.121443
0.098684 0.085163 0.089318 0.089261 0.106853 0.103211 0.102613 0.084442 0.107466 0.107093 0.100978 0.098575 0.103330 0.103573 0.094936 0.092397 0.104078 0.088299 0.088092 0.107439 0.106572 0.105569 0.104852 0.094705 0.097725 0.101911 0.095730 0.093610 0.090841 0.087630 0.096204 0.105068 0.098671 0.099213 0.091908 0.105379 0.091546 0.097664 0.109377
0.101597 0.089318 0.090112 0.092074 0.109766 0.106045 0.105441 0.087338 0.110378 0.110014 0.103894 0.101489 0.106690 0.106488 0.098321 0.095254 0.107146 0.091199 0.090927 0.110261 0.109476 0.108449 0.108107 0.098122 0.100664 0.104634 0.098471 0.096441 0.093769 0.090452 0.099029 0.108000 0.101592 0.102019 0.094821 0.108280 0.094458 0.100591 0.112298
0.100496 0.089261 0.092074 0.086724 0.108662 0.104357 0.103711 0.085962 0.109270 0.108628 0.102821 0.100393 0.106631 0.105055 0.098200 0.094229 0.106250 0.090810 0.089208 0.106587 0.108525 0.106676 0.107647 0.098024 0.099366 0.104945 0.097261 0.094828 0.092436 0.086760 0.095652 0.107110 0.100204 0.099009 0.093710 0.106985 0.093345 0.099253 0.110911
0.112391 0.106853 0.109766 0.108662 0.119579 0.123296 0.122682 0.101563 0.121285 0.127327 0.115903 0.112985 0.124217 0.123788 0.115838 0.111713 0.124564 0.107916 0.108168 0.126829 0.124511 0.123125 0.125571 0.115645 0.117999 0.122695 0.115911 0.113718 0.111097 0.107027 0.115720 0.121764 0.118905 0.118918 0.105854 0.121938 0.105640 0.117918 0.129611
0.115129 0.103211 0.106045 0.104357 0.123296 0.114501 0.114340 0.100747 0.123907 0.119962 0.117437 0.115022 0.120590 0.116400 0.112033 0.108826 0.118448 0.105050 0.099694 0.122135 0.123076 0.121695 0.120789 0.111896 0.110756 0.118626 0.108896 0.105524 0.103775 0.102318 0.110386 0.121622 0.111537 0.113282 0.108348 0.121725 0.107984 0.110582 0.122245
0.114515 0.102613 0.105441 0.103711 0.122682 0.114340 0.112839 0.100130 0.123293 0.119522 0.116823 0.114408 0.119991 0.115961 0.111441 0.108212 0.117945 0.104443 0.099304 0.121504 0.122464 0.121074 0.120233 0.111302 0.110307 0.118037 0.108353 0.105053 0.103330 0.101682 0.109783 0.121010 0.111097 0.112592 0.107734 0.121109 0.107370 0.110139 0.121805
0.093402 0.084442 0.087338 0.085962 0.101563 0.100747 0.100130 0.077649 0.102160 0.104803 0.095797 0.093311 0.101807 0.101259 0.093423 0.089115 0.102079 0.085511 0.085616 0.104116 0.102072 0.099833 0.103126 0.093231 0.095481 0.100265 0.093390 0.091174 0.088576 0.084316 0.093036 0.100506 0.096380 0.096289 0.086594 0.099425 0.086222 0.095397 0.107086
0.113296 0.107466 0.110378 0.109270 0.121285 0.123907 0.123293 0.102160 0.120181 0.127938 0.116582 0.113670 0.124830 0.124399 0.116451 0.112322 0.125175 0.108529 0.108778 0.127437 0.125121 0.123722 0.126184 0.116258 0.118610 0.123308 0.116522 0.114328 0.111708 0.107635 0.116328 0.122406 0.119516 0.119527 0.105769 0.122521 0.105893 0.118529 0.130222
0.119160 0.107093 0.110014 0.108628 0.127327 0.119962 0.119522 0.104803 0.127938 0.104237 0.121466 0.119053 0.124474 0.113700 0.115820 0.112860 0.121339 0.109026 0.104843 0.126365 0.127097 0.125779 0.123979 0.115725 0.112506 0.122534 0.113269 0.110368 0.104544 0.106606 0.114818 0.125634 0.108044 0.117811 0.112380 0.125773 0.112016 0.111414 0.106520
0.107703 0.100978 0.103894 0.102821 0.115903 0.117437 0.116823 0.095797 0.116582 0.121466 0.107963 0.107477 0.118342 0.117926 0.109964 0.105864 0.118697 0.102045 0.102309 0.120989 0.118659 0.117351 0.119701 0.109770 0.112136 0.116823 0.110049 0.107858 0.105235 0.101186 0.109876 0.115714 0.113043 0.113068 0.101056 0.116245 0.100735 0.112055 0.123749
0.104792 0.098575 0.101489 0.100393 0.112985 0.115022 0.114408 0.093311 0.113670 0.119053 0.107477 0.103753 0.115939 0.115513 0.107561 0.103441 0.116288 0.099639 0.099894 0.118560 0.116237 0.114872 0.117295 0.107367 0.109724 0.114418 0.107636 0.105444 0.102822 0.098758 0.107450 0.113448 0.110630 0.110646 0.098150 0.113707 0.097839 0.109643 0.121336
0.116048 0.103330 0.106690 0.106631 0.124217 0.120590 0.119991 0.101807 0.124830 0.124474 0.118342 0.115939 0.120577 0.120953 0.112302 0.109763 0.121469 0.105663 0.105471 0.124810 0.123936 0.122935 0.122220 0.112098 0.115106 0.119462 0.113112 0.110989 0.108221 0.105001 0.113577 0.122431 0.116052 0.116585 0.109273 0.122743 0.108910 0.115044 0.126757
0.115620 0.103573 0.106488 0.105055 0.123788 0.116400 0.115961 0.101259 0.124399 0.113700 0.117926 0.115513 0.120953 0.096934 0.112307 0.109321 0.117901 0.105496 0.101273 0.122722 0.123559 0.122230 0.120513 0.112209 0.109155 0.119014 0.109745 0.106825 0.101312 0.102990 0.111205 0.122097 0.105155 0.114244 0.108840 0.122231 0.108476 0.108148 0.115983
0.107670 0.094936 0.098321 0.098200 0.115838 0.112033 0.111441 0.093423 0.116451 0.115820 0.109964 0.107561 0.112302 0.112307 0.102234 0.101385 0.112810 0.097296 0.096914 0.116361 0.115560 0.114545 0.112942 0.103496 0.106429 0.111059 0.104589 0.102430 0.099557 0.096553 0.105111 0.114057 0.107398 0.108116 0.100894 0.114361 0.100532 0.106382 0.118103
0.103546 0.092397 0.095254 0.094229 0.111713 0.108826 0.108212 0.089115 0.112322 0.112860 0.105864 0.103441 0.109763 0.109321 0.101385 0.089750 0.110096 0.093551 0.093699 0.112456 0.111267 0.110170 0.111114 0.101191 0.103529 0.108215 0.101427 0.099245 0.096628 0.092650 0.101322 0.110137 0.104437 0.104465 0.096763 0.110107 0.096398 0.103449 0.115143
0.116396 0.104078 0.107146 0.106250 0.124564 0.118448 0.117945 0.102079 0.125175 0.121339 0.118697 0.116288 0.121469 0.117901 0.112810 0.110096 0.102102 0.106171 0.103342 0.124200 0.124315 0.123105 0.121637 0.112478 0.111848 0.119468 0.111293 0.108807 0.104993 0.104399 0.112727 0.122838 0.112920 0.115677 0.109617 0.123037 0.109254 0.111821 0.123622
0.099748 0.088299 0.091199 0.090810 0.107916 0.105050 0.104443 0.085511 0.108529 0.109026 0.102045 0.099639 0.105663 0.105496 0.097296 0.093551 0.106171 0.086839 0.089928 0.109007 0.107326 0.106716 0.107094 0.097099 0.099680 0.104163 0.097590 0.095457 0.092785 0.089199 0.097818 0.106193 0.100603 0.100875 0.092971 0.106441 0.092608 0.099607 0.111309
0.100000 0.088092 0.090927 0.089208 0.108168 0.099694 0.099304 0.085616 0.108778 0.104843 0.102309 0.099894 0.105471 0.101273 0.096914 0.093699 0.103342 0.089928 0.083355 0.106956 0.107950 0.106562 0.105674 0.096777 0.095650 0.103512 0.093826 0.090490 0.088667 0.087137 0.095105 0.106496 0.096418 0.098137 0.093220 0.106595 0.092856 0.095473 0.107127
0.118663 0.107439 0.110261 0.106587 0.126829 0.122135 0.121504 0.104116 0.127437 0.126365 0.120989 0.118560 0.124810 0.122722 0.116361 0.112456 0.124200 0.109007 0.106956 0.115428 0.126704 0.124805 0.125717 0.116191 0.117195 0.123093 0.115173 0.112635 0.110242 0.101755 0.111410 0.125282 0.117940 0.116971 0.111877 0.125144 0.111511 0.117059 0.128649
0.116344 0.106572 0.109476 0.108525 0.124511 0.123076 0.122464 0.102072 0.125121 0.127097 0.118659 0.116237 0.123936 0.123559 0.115560 0.111267 0.124315 0.107326 0.107950 0.126704 0.120411 0.123482 0.125306 0.115366 0.117764 0.122416 0.115674 0.113495 0.110864 0.106900 0.115576 0.123041 0.118674 0.118741 0.109563 0.123000 0.109199 0.117685 0.129380
0.114963 0.105569 0.108449 0.106676 0.123125 0.121695 0.121074 0.099833 0.123722 0.125779 0.117351 0.114872 0.122935 0.122230 0.114545 0.110170 0.123105 0.106716 0.106562 0.124805 0.123482 0.117639 0.124212 0.114355 0.116466 0.121369 0.114372 0.112128 0.109558 0.105007 0.113768 0.121988 0.117356 0.117113 0.108157 0.121044 0.107785 0.116378 0.128062
0.117403 0.104852 0.108107 0.107647 0.125571 0.120789 0.120233 0.103126 0.126184 0.123979 0.119701 0.117295 0.122220 0.120513 0.112942 0.111114 0.121637 0.107094 0.105674 0.125717 0.125306 0.124212 0.102305 0.113433 0.114490 0.120783 0.113532 0.111177 0.107652 0.105913 0.114375 0.123814 0.115559 0.117356 0.110626 0.124073 0.110263 0.114493 0.126262
0.107476 0.094705 0.098122 0.098024 0.115645 0.111896 0.111302 0.093231 0.116258 0.115725 0.109770 0.107367 0.112098 0.112209 0.103496 0.101191 0.112478 0.097099 0.096777 0.116191 0.115366 0.114355 0.113433 0.102147 0.106347 0.110838 0.104435 0.102293 0.099467 0.096383 0.104945 0.113862 0.107303 0.107953 0.100700 0.114169 0.100338 0.106291 0.118008
0.109831 0.097725 0.100664 0.099366 0.117999 0.110756 0.110307 0.095481 0.118610 0.112506 0.112136 0.109724 0.115106 0.109155 0.106429 0.103529 0.111848 0.099680 0.095650 0.117195 0.117764 0.116466 0.114490 0.106347 0.102157 0.113176 0.103982 0.101132 0.096039 0.097402 0.105620 0.116300 0.104091 0.108561 0.103051 0.116450 0.102688 0.102895 0.114789
0.114527 0.101911 0.104634 0.104945 0.122695 0.118626 0.118037 0.100265 0.123308 0.122534 0.116823 0.114418 0.119462 0.119014 0.111059 0.108215 0.119468 0.104163 0.103512 0.123093 0.122416 0.121369 0.120783 0.110838 0.113176 0.089810 0.110934 0.109003 0.106281 0.103284 0.111820 0.120929 0.114111 0.114806 0.107751 0.121208 0.107388 0.113103 0.124817
0.107743 0.095730 0.098471 0.097261 0.115911 0.108896 0.108353 0.093390 0.116522 0.113269 0.110049 0.107636 0.113112 0.109745 0.104589 0.101427 0.111293 0.097590 0.093826 0.115173 0.115674 0.114372 0.113532 0.104435 0.103982 0.110934 0.094999 0.099041 0.097033 0.095359 0.103613 0.114216 0.104846 0.106444 0.100964 0.114359 0.100600 0.103847 0.115553
0.105550 0.093610 0.096441 0.094828 0.113718 0.105524 0.105053 0.091174 0.114328 0.110368 0.107858 0.105444 0.110989 0.106825 0.102430 0.099245 0.108807 0.095457 0.090490 0.112635 0.113495 0.112128 0.111177 0.102293 0.101132 0.109003 0.099041 0.094964 0.094158 0.092819 0.100938 0.112040 0.101944 0.103798 0.098770 0.112150 0.098406 0.100967 0.112651
0.102929 0.090841 0.093769 0.092436 0.111097 0.103775 0.103330 0.088576 0.111708 0.104544 0.105235 0.102822 0.108221 0.101312 0.099557 0.096628 0.104993 0.092785 0.088667 0.110242 0.110864 0.109558 0.107652 0.099467 0.096039 0.106281 0.097033 0.094158 0.087039 0.090456 0.098666 0.109400 0.096145 0.101618 0.096149 0.109546 0.095786 0.095194 0.106827
0.098861 0.087630 0.090452 0.086760 0.107027 0.102318 0.101682 0.084316 0.107635 0.106606 0.101186 0.098758 0.105001 0.102990 0.096553 0.092650 0.104399 0.089199 0.087137 0.101755 0.106900 0.105007 0.105913 0.096383 0.097402 0.103284 0.095359 0.092819 0.090456 0.080536 0.091104 0.105478 0.098181 0.097103 0.092075 0.105343 0.091709 0.097273 0.108890
0.107553 0.096204 0.099029 0.095652 0.115720 0.110386 0.109783 0.093036 0.116328 0.114818 0.109876 0.107450 0.113577 0.111205 0.105111 0.101322 0.112727 0.097818 0.095105 0.111410 0.115576 0.113768 0.114375 0.104945 0.105620 0.111820 0.103613 0.100938 0.098666 0.091104 0.083249 0.114150 0.106392 0.105661 0.100768 0.114055 0.100403 0.105481 0.117101
0.113582 0.105068 0.108000 0.107110 0.121764 0.121622 0.121010 0.100506 0.122406 0.125634 0.115714 0.113448 0.122431 0.122097 0.114057 0.110137 0.122838 0.106193 0.106496 0.125282 0.123041 0.121988 0.123814 0.113862 0.116300 0.120929 0.114216 0.112040 0.109400 0.105478 0.114150 0.115074 0.117212 0.117309 0.106862 0.121151 0.106518 0.116221 0.127918
0.110737 0.098671 0.101592 0.100204 0.118905 0.111537 0.111097 0.096380 0.119516 0.108044 0.113043 0.110630 0.116052 0.105155 0.107398 0.104437 0.112920 0.100603 0.096418 0.117940 0.118674 0.117356 0.115559 0.107303 0.104091 0.114111 0.104846 0.101944 0.096145 0.098181 0.106392 0.117212 0.097597 0.109387 0.103957 0.117351 0.103593 0.102998 0.110327
0.110751 0.099213 0.102019 0.099009 0.118918 0.113282 0.112592 0.096289 0.119527 0.117811 0.113068 0.110646 0.116585 0.114244 0.108116 0.104465 0.115677 0.100875 0.098137 0.116971 0.118741 0.117113 0.117356 0.107953 0.108561 0.114806 0.106444 0.103798 0.101618 0.097103 0.105661 0.117309 0.109387 0.104579 0.103968 0.117291 0.103603 0.108433 0.120095
0.097828 0.091908 0.094821 0.093710 0.105854 0.108348 0.107734 0.086594 0.105769 0.112380 0.101056 0.098150 0.109273 0.108840 0.100894 0.096763 0.109617 0.092971 0.093220 0.111877 0.109563 0.108157 0.110626 0.100700 0.103051 0.107751 0.100964 0.098770 0.096149 0.092075 0.100768 0.106862 0.103957 0.103968 0.088924 0.106948 0.090112 0.102970 0.114663
0.113782 0.105379 0.108280 0.106985 0.121938 0.121725 0.121109 0.099425 0.122521 0.125773 0.116245 0.113707 0.122743 0.122231 0.114361 0.110107 0.123037 0.106441 0.106595 0.125144 0.123000 0.121044 0.124073 0.114169 0.116450 0.121208 0.114359 0.112150 0.109546 0.105343 0.114055 0.121151 0.117351 0.117291 0.106948 0.115980 0.106566 0.116367 0.128057
0.097579 0.091546 0.094458 0.093345 0.105640 0.107984 0.107370 0.086222 0.105893 0.112016 0.100735 0.097839 0.108910 0.108476 0.100532 0.096398 0.109254 0.092608 0.092856 0.111511 0.109199 0.107785 0.110263 0.100338 0.102688 0.107388 0.100600 0.098406 0.095786 0.091709 0.100403 0.106518 0.103593 0.103603 0.090112 0.106566 0.089015 0.102607 0.114300
0.109750 0.097664 0.100591 0.099253 0.117918 0.110582 0.110139 0.095397 0.118529 0.111414 0.112055 0.109643 0.115044 0.108148 0.106382 0.103449 0.111821 0.099607 0.095473 0.117059 0.117685 0.116378 0.114493 0.106291 0.102895 0.113103 0.103847 0.100967 0.095194 0.097273 0.105481 0.116221 0.102998 0.108433 0.102970 0.116367 0.102607 0.099844 0.113697
0.121443 0.109377 0.112298 0.110911 0.129611 0.122245 0.121805 0.107086 0.130222 0.106520 0.123749 0.121336 0.126757 0.115983 0.118103 0.115143 0.123622 0.111309 0.107127 0.128649 0.129380 0.128062 0.126262 0.118008 0.114789 0.124817 0.115553 0.112651 0.106827 0.108890 0.117101 0.127918 0.110327 0.120095 0.114663 0.128057 0.114300 0.113697 0.093104
