      AMA340 0.0042 0.0003 0.2091 0.0002 0.7806 0.0026 0.0030 
      AMA601 0.0056 0.0005 0.1845 0.0001 0.7910 0.0052 0.0131 
      AMA656 0.0055 0.0004 0.1752 0.0002 0.8004 0.0109 0.0073 
    AMANA034 0.0252 0.0022 0.0606 0.0005 0.8124 0.0629 0.0361 
    AMANA137 0.0438 0.0038 0.0350 0.0003 0.8093 0.0880 0.0198 
      AMZ551 0.0142 0.0028 0.0444 0.0077 0.7553 0.1175 0.0581 
      AMZ610 0.0116 0.0008 0.0368 0.0030 0.7888 0.0940 0.0650 
       B4615 0.0036 0.0003 0.2129 0.0001 0.7798 0.0019 0.0013 
       B5082 0.0022 0.0004 0.1913 0.0002 0.7924 0.0021 0.0114 
       BR033 0.0006 0.0009 0.0011 0.0002 0.7569 0.2385 0.0017 
       BR036 0.0032 0.0024 0.0017 0.0002 0.7649 0.2063 0.0213 
     BR36440 0.0237 0.0015 0.1607 0.0010 0.8026 0.0078 0.0026 
      CAM117 0.0025 0.0003 0.2205 0.0002 0.7682 0.0019 0.0064 
      CPE012 0.0003 0.0632 0.0005 0.2358 0.6981 0.0018 0.0003 
      CPE025 0.0008 0.0633 0.0004 0.2235 0.7065 0.0046 0.0010 
      CPE049 0.0004 0.0561 0.0007 0.2019 0.7353 0.0050 0.0006 
      CPE069 0.0004 0.0479 0.0008 0.2376 0.7013 0.0112 0.0007 
    CPEII008 0.0003 0.0564 0.0005 0.2388 0.7005 0.0031 0.0004 
      CUJ027 0.0207 0.0006 0.1800 0.0002 0.7810 0.0058 0.0118 
      CUJ072 0.0085 0.0005 0.1727 0.0001 0.7960 0.0163 0.0059 
      FPR006 0.2247 0.0003 0.0086 0.0001 0.7628 0.0018 0.0016 
      FPR015 0.0351 0.0023 0.0610 0.0003 0.7960 0.0907 0.0147 
      FPR021 0.0539 0.0003 0.0493 0.0001 0.7674 0.1010 0.0279 
    GAPTO259 0.0004 0.2264 0.0007 0.0364 0.7298 0.0042 0.0021 
    GAPTO268 0.0006 0.2368 0.0005 0.0298 0.7291 0.0026 0.0005 
    GAPTO277 0.0022 0.1629 0.0007 0.0315 0.7848 0.0172 0.0007 
    GAPTO327 0.0020 0.2217 0.0007 0.0377 0.7328 0.0043 0.0008 
      MAM010 0.0456 0.0021 0.0686 0.0002 0.7902 0.0690 0.0243 
      MAR092 0.0326 0.0007 0.0623 0.0004 0.8063 0.0834 0.0142 
       MF005 0.0028 0.0253 0.0016 0.0011 0.7580 0.2068 0.0043 
     MPDS628 0.0585 0.0020 0.0362 0.0005 0.8193 0.0794 0.0041 
      MSF107 0.0038 0.0061 0.0028 0.0146 0.8090 0.1407 0.0230 
       MT087 0.0056 0.0003 0.0215 0.0001 0.7551 0.0037 0.2138 
       MT123 0.0020 0.0002 0.0039 0.0001 0.7595 0.0018 0.2325 
       OM022 0.0542 0.0003 0.1615 0.0002 0.7639 0.0136 0.0063 
       OM112 0.0912 0.0003 0.1407 0.0001 0.7619 0.0039 0.0018 
       OM172 0.0495 0.0004 0.1577 0.0002 0.7818 0.0074 0.0030 
       OP100 0.0427 0.0011 0.0791 0.0002 0.7542 0.0055 0.1173 
     PIME024 0.0528 0.0004 0.0387 0.0003 0.7742 0.1218 0.0117 
     PIME062 0.0173 0.0003 0.0592 0.0001 0.7824 0.1138 0.0269 
     PIME079 0.0209 0.0004 0.0716 0.0005 0.8121 0.0846 0.0099 
     PIME134 0.0010 0.0490 0.0017 0.0084 0.7811 0.1578 0.0010 
     PIME135 0.0007 0.0349 0.0010 0.0029 0.7717 0.1882 0.0006 
     PIME169 0.0324 0.0006 0.0575 0.0001 0.7873 0.0992 0.0228 
     PIME460 0.0721 0.0005 0.0544 0.0002 0.7774 0.0626 0.0327 
     PIME482 0.0018 0.0097 0.0017 0.0011 0.7890 0.1946 0.0020 
     PIME521 0.0014 0.0288 0.0033 0.0007 0.7985 0.1621 0.0052 
     PIME522 0.0019 0.0038 0.0025 0.0010 0.7793 0.2083 0.0032 
    PPBIO221 0.0010 0.0574 0.0011 0.0278 0.7956 0.1159 0.0012 
    PPBIO305 0.0010 0.0398 0.0008 0.0355 0.7801 0.1413 0.0015 
      PPS041 0.0109 0.0011 0.0262 0.0003 0.7929 0.0346 0.1341 
      PPS174 0.0011 0.0004 0.0007 0.0004 0.8026 0.1858 0.0090 
      PPS221 0.0032 0.0006 0.0251 0.0002 0.8058 0.0084 0.1568 
      PPS352 0.0192 0.0044 0.0292 0.0013 0.8031 0.0323 0.1105 
      PUC008 0.0138 0.0003 0.1707 0.0001 0.7810 0.0320 0.0020 
      RDO007 0.0046 0.0928 0.0008 0.0593 0.7591 0.0816 0.0018 
      TLP025 0.0012 0.0005 0.0056 0.0002 0.7850 0.1612 0.0464 
      TLP123 0.0054 0.0003 0.0026 0.0001 0.7709 0.1455 0.0751 
    UFAC1007 0.0020 0.0005 0.1807 0.0004 0.8085 0.0045 0.0034 
     UFAC305 0.0267 0.0002 0.1750 0.0001 0.7836 0.0059 0.0084 
     UFAC476 0.0092 0.0004 0.1770 0.0001 0.8089 0.0025 0.0020 
      UHE442 0.0012 0.0575 0.0051 0.0226 0.7476 0.1641 0.0020 
      UNA002 0.0003 0.0285 0.0005 0.2566 0.7127 0.0011 0.0003 
      UNA018 0.0002 0.0234 0.0003 0.2716 0.7031 0.0010 0.0003 
      UNA088 0.0016 0.0369 0.0008 0.2235 0.7316 0.0048 0.0008 
      UNA110 0.0002 0.0293 0.0004 0.2642 0.7047 0.0009 0.0003 
      UNA124 0.0006 0.0185 0.0006 0.2463 0.7312 0.0022 0.0007 
       WM281 0.0043 0.0176 0.0070 0.0067 0.7991 0.1584 0.0069 
       WM293 0.0062 0.0407 0.0014 0.0017 0.7633 0.1862 0.0007 
