      AMA340 0.1111 0.0003 0.0053 0.0003 0.7844 0.0787 0.0198 
      AMA601 0.0973 0.0002 0.0079 0.0006 0.7949 0.0679 0.0312 
      AMA656 0.0913 0.0003 0.0177 0.0004 0.8043 0.0633 0.0228 
    AMANA034 0.0163 0.0006 0.0534 0.0018 0.8156 0.0710 0.0414 
    AMANA137 0.0036 0.0003 0.0718 0.0038 0.8134 0.0813 0.0258 
      AMZ551 0.0096 0.0075 0.1141 0.0017 0.7593 0.0494 0.0585 
      AMZ610 0.0078 0.0031 0.0861 0.0006 0.7925 0.0396 0.0704 
       B4615 0.1293 0.0002 0.0076 0.0003 0.7844 0.0691 0.0091 
       B5082 0.1013 0.0003 0.0035 0.0005 0.7965 0.0660 0.0318 
       BR033 0.0004 0.0002 0.2342 0.0006 0.7602 0.0017 0.0027 
       BR036 0.0005 0.0002 0.1999 0.0020 0.7683 0.0061 0.0230 
     BR36440 0.0583 0.0011 0.0083 0.0014 0.8079 0.1196 0.0035 
      CAM117 0.1421 0.0004 0.0055 0.0004 0.7724 0.0450 0.0343 
      CPE012 0.0003 0.2509 0.0024 0.0437 0.7017 0.0006 0.0005 
      CPE025 0.0002 0.2385 0.0060 0.0430 0.7101 0.0009 0.0013 
      CPE049 0.0003 0.2153 0.0063 0.0376 0.7387 0.0008 0.0010 
      CPE069 0.0004 0.2500 0.0125 0.0307 0.7046 0.0007 0.0011 
    CPEII008 0.0002 0.2530 0.0042 0.0375 0.7039 0.0006 0.0006 
      CUJ027 0.0830 0.0002 0.0063 0.0006 0.7850 0.1017 0.0232 
      CUJ072 0.0898 0.0001 0.0223 0.0005 0.7997 0.0707 0.0169 
      FPR006 0.0005 0.0001 0.0030 0.0004 0.7691 0.2226 0.0042 
      FPR015 0.0076 0.0003 0.0746 0.0022 0.7995 0.0952 0.0205 
      FPR021 0.0020 0.0001 0.0785 0.0003 0.7714 0.1150 0.0327 
    GAPTO259 0.0004 0.0449 0.0123 0.1999 0.7349 0.0010 0.0066 
    GAPTO268 0.0003 0.0386 0.0098 0.2138 0.7344 0.0020 0.0010 
    GAPTO277 0.0003 0.0376 0.0304 0.1401 0.7889 0.0016 0.0010 
    GAPTO327 0.0003 0.0460 0.0142 0.1961 0.7381 0.0039 0.0015 
      MAM010 0.0196 0.0002 0.0567 0.0019 0.7940 0.0957 0.0320 
      MAR092 0.0163 0.0004 0.0753 0.0006 0.8097 0.0774 0.0202 
       MF005 0.0004 0.0011 0.2086 0.0174 0.7615 0.0055 0.0055 
     MPDS628 0.0026 0.0005 0.0712 0.0016 0.8231 0.0951 0.0059 
      MSF107 0.0011 0.0129 0.1397 0.0043 0.8123 0.0047 0.0250 
       MT087 0.0016 0.0001 0.0030 0.0002 0.7586 0.0218 0.2146 
       MT123 0.0014 0.0001 0.0018 0.0002 0.7629 0.0030 0.2306 
       OM022 0.0548 0.0002 0.0117 0.0003 0.7682 0.1553 0.0095 
       OM112 0.0312 0.0001 0.0030 0.0003 0.7663 0.1972 0.0019 
       OM172 0.0559 0.0002 0.0086 0.0003 0.7859 0.1429 0.0061 
       OP100 0.0136 0.0002 0.0045 0.0010 0.7584 0.1059 0.1164 
     PIME024 0.0022 0.0003 0.1093 0.0003 0.7780 0.0970 0.0129 
     PIME062 0.0160 0.0001 0.0974 0.0003 0.7860 0.0693 0.0310 
     PIME079 0.0251 0.0005 0.0733 0.0003 0.8156 0.0696 0.0155 
     PIME134 0.0006 0.0079 0.1640 0.0395 0.7845 0.0022 0.0012 
     PIME135 0.0005 0.0031 0.1943 0.0250 0.7751 0.0012 0.0008 
     PIME169 0.0099 0.0002 0.0827 0.0006 0.7909 0.0865 0.0292 
     PIME460 0.0018 0.0002 0.0422 0.0005 0.7819 0.1366 0.0368 
     PIME482 0.0005 0.0011 0.1933 0.0053 0.7922 0.0050 0.0026 
     PIME521 0.0019 0.0008 0.1650 0.0211 0.8017 0.0025 0.0070 
     PIME522 0.0009 0.0009 0.2051 0.0019 0.7824 0.0042 0.0046 
    PPBIO221 0.0004 0.0303 0.1223 0.0448 0.7989 0.0018 0.0014 
    PPBIO305 0.0004 0.0362 0.1464 0.0306 0.7835 0.0012 0.0016 
      PPS041 0.0039 0.0003 0.0339 0.0009 0.7962 0.0281 0.1367 
      PPS174 0.0003 0.0004 0.1829 0.0003 0.8056 0.0012 0.0092 
      PPS221 0.0070 0.0002 0.0101 0.0005 0.8090 0.0107 0.1626 
      PPS352 0.0027 0.0016 0.0265 0.0032 0.8062 0.0507 0.1092 
      PUC008 0.0884 0.0002 0.0444 0.0003 0.7849 0.0752 0.0067 
      RDO007 0.0003 0.0641 0.0929 0.0748 0.7629 0.0028 0.0023 
      TLP025 0.0024 0.0002 0.1565 0.0004 0.7881 0.0041 0.0482 
      TLP123 0.0007 0.0001 0.1371 0.0003 0.7743 0.0100 0.0775 
    UFAC1007 0.1029 0.0008 0.0115 0.0005 0.8126 0.0552 0.0165 
     UFAC305 0.0763 0.0001 0.0058 0.0002 0.7876 0.1088 0.0211 
     UFAC476 0.0970 0.0002 0.0045 0.0004 0.8128 0.0747 0.0103 
      UHE442 0.0022 0.0235 0.1728 0.0448 0.7513 0.0029 0.0024 
      UNA002 0.0002 0.2629 0.0012 0.0193 0.7154 0.0005 0.0004 
      UNA018 0.0001 0.2776 0.0011 0.0147 0.7057 0.0004 0.0004 
      UNA088 0.0002 0.2318 0.0049 0.0249 0.7347 0.0026 0.0010 
      UNA110 0.0002 0.2699 0.0009 0.0209 0.7074 0.0004 0.0003 
      UNA124 0.0002 0.2525 0.0022 0.0097 0.7338 0.0009 0.0008 
       WM281 0.0015 0.0083 0.1519 0.0102 0.8025 0.0171 0.0085 
       WM293 0.0006 0.0016 0.1953 0.0312 0.7670 0.0033 0.0009 
