0.103828 0.097782 0.102183 0.100768 0.112534 0.114697 0.112830 0.093327 0.112972 0.119153 0.107813 0.104882 0.115814 0.115574 0.107658 0.103579 0.116418 0.099237 0.099603 0.118710 0.116448 0.114963 0.117607 0.107676 0.109954 0.114626 0.107441 0.105312 0.102795 0.099291 0.107811 0.114097 0.111067 0.111643 0.097830 0.113956 0.097737 0.109882 0.121288
0.097782 0.083300 0.088992 0.088634 0.106090 0.101925 0.100091 0.083335 0.106242 0.106191 0.100140 0.097748 0.102209 0.102634 0.094022 0.091553 0.103186 0.087011 0.086840 0.106575 0.105769 0.104531 0.104179 0.094001 0.096955 0.101092 0.094533 0.092491 0.089812 0.087147 0.095572 0.104600 0.098106 0.099248 0.091013 0.104583 0.090781 0.096901 0.108327
0.102183 0.088992 0.091754 0.092973 0.110491 0.106321 0.104476 0.087723 0.110643 0.110670 0.104543 0.102149 0.107030 0.107107 0.098886 0.095908 0.107803 0.091397 0.091238 0.110924 0.110159 0.108905 0.108924 0.098901 0.101449 0.105435 0.098841 0.096883 0.094298 0.091495 0.099926 0.109017 0.102585 0.103595 0.095414 0.108975 0.095181 0.101385 0.112805
0.100768 0.088634 0.092973 0.087807 0.109073 0.104192 0.102267 0.086051 0.109220 0.108949 0.103157 0.100739 0.106673 0.105335 0.098472 0.094520 0.106603 0.090626 0.089079 0.107155 0.108835 0.106912 0.108111 0.098496 0.099810 0.105346 0.097279 0.094913 0.092626 0.087713 0.096368 0.107817 0.100861 0.100299 0.093989 0.107383 0.093752 0.099710 0.111084
0.112534 0.106090 0.110491 0.109073 0.119804 0.123004 0.121137 0.101627 0.121080 0.127460 0.116156 0.113217 0.124122 0.123881 0.115966 0.111885 0.124725 0.107545 0.107909 0.127016 0.124754 0.123264 0.125915 0.115984 0.118261 0.122934 0.115748 0.113619 0.111102 0.107596 0.116117 0.122418 0.119374 0.119949 0.105970 0.122249 0.105919 0.118189 0.129595
0.114697 0.101925 0.106321 0.104192 0.123004 0.112533 0.112053 0.100110 0.123153 0.119525 0.117071 0.114666 0.119975 0.115905 0.111654 0.108448 0.118141 0.104239 0.098547 0.121700 0.122722 0.121141 0.120487 0.111696 0.110456 0.118396 0.108327 0.104942 0.103219 0.102259 0.110208 0.121636 0.111436 0.113748 0.107923 0.121402 0.107689 0.110295 0.121660
0.112830 0.100091 0.104476 0.102267 0.121137 0.112053 0.108441 0.098239 0.121287 0.117992 0.115205 0.112799 0.118140 0.114380 0.109833 0.106578 0.116484 0.102384 0.097166 0.119803 0.120857 0.119263 0.118752 0.109872 0.108907 0.116577 0.106580 0.103310 0.101678 0.100355 0.108355 0.119774 0.109904 0.111752 0.106057 0.119532 0.105822 0.108755 0.120128
0.093327 0.083335 0.087723 0.086051 0.101627 0.100110 0.098239 0.077547 0.101764 0.104597 0.095782 0.093308 0.101368 0.101014 0.093207 0.088934 0.101902 0.084808 0.085014 0.103989 0.101966 0.099753 0.103124 0.093227 0.095404 0.100163 0.092887 0.090736 0.088243 0.084572 0.093112 0.100865 0.096511 0.096983 0.086528 0.099547 0.086282 0.095330 0.106732
0.112972 0.106242 0.110643 0.109220 0.121080 0.123153 0.121287 0.101764 0.120108 0.127611 0.116380 0.113447 0.124274 0.124032 0.116118 0.112033 0.124876 0.107697 0.108059 0.127163 0.124902 0.123403 0.126066 0.116137 0.118411 0.123086 0.115898 0.113769 0.111253 0.107743 0.116264 0.122597 0.119524 0.120098 0.105401 0.122372 0.105699 0.118340 0.129746
0.119153 0.106191 0.110670 0.108949 0.127460 0.119525 0.117992 0.104597 0.127611 0.104345 0.121524 0.119122 0.124246 0.113743 0.115836 0.112908 0.121354 0.108626 0.104408 0.126454 0.127170 0.125664 0.124014 0.115900 0.112619 0.122661 0.112922 0.110077 0.104447 0.107070 0.115166 0.126065 0.108351 0.118799 0.112381 0.125879 0.112147 0.111605 0.106480
0.107813 0.100140 0.104543 0.103157 0.116156 0.117071 0.115205 0.095782 0.116380 0.121524 0.107472 0.107654 0.118172 0.117946 0.110016 0.105962 0.118784 0.101596 0.101977 0.121100 0.118830 0.117407 0.119969 0.110035 0.112324 0.116986 0.109811 0.107685 0.105166 0.101680 0.110199 0.116282 0.113438 0.114026 0.101185 0.116479 0.101005 0.112253 0.123659
0.104882 0.097748 0.102149 0.100739 0.113217 0.114666 0.112799 0.093308 0.113447 0.119122 0.107654 0.103924 0.115780 0.115543 0.107624 0.103549 0.116385 0.099203 0.099572 0.118682 0.116416 0.114943 0.117574 0.107643 0.109922 0.114592 0.107409 0.105281 0.102764 0.099262 0.107782 0.114038 0.111035 0.111614 0.098261 0.113954 0.098092 0.109851 0.121257
0.115814 0.102209 0.107030 0.106673 0.124122 0.119975 0.118140 0.101368 0.124274 0.124246 0.118172 0.115780 0.120107 0.120688 0.112059 0.109587 0.121256 0.105043 0.104890 0.124615 0.123801 0.122565 0.122220 0.112076 0.115010 0.119328 0.112587 0.110542 0.107867 0.105187 0.113613 0.122630 0.116161 0.117290 0.109045 0.122615 0.108813 0.114955 0.126381
0.115574 0.102634 0.107107 0.105335 0.123881 0.115905 0.114380 0.101014 0.124032 0.113743 0.117946 0.115543 0.120688 0.096784 0.112285 0.109330 0.117885 0.105056 0.100775 0.122763 0.123592 0.122076 0.120519 0.112348 0.109236 0.119106 0.109367 0.106500 0.101196 0.103409 0.111509 0.122490 0.105392 0.115186 0.108802 0.122298 0.108567 0.108312 0.115878
0.107658 0.094022 0.098886 0.098472 0.115966 0.111654 0.109833 0.093207 0.116118 0.115836 0.110016 0.107624 0.112059 0.112285 0.102477 0.101430 0.112832 0.096896 0.096567 0.116398 0.115646 0.114398 0.113350 0.103664 0.106583 0.111142 0.104292 0.102217 0.099450 0.096971 0.105383 0.114478 0.107752 0.109053 0.100889 0.114456 0.100656 0.106540 0.117972
0.103579 0.091553 0.095908 0.094520 0.111885 0.108448 0.106578 0.088934 0.112033 0.112908 0.105962 0.103549 0.109587 0.109330 0.101430 0.092071 0.110177 0.093130 0.093355 0.112509 0.111378 0.110055 0.111376 0.101448 0.103709 0.108375 0.101180 0.099061 0.096550 0.093086 0.101595 0.110611 0.104822 0.105393 0.096802 0.110244 0.096567 0.103637 0.115043
0.116418 0.103186 0.107803 0.106603 0.124725 0.118141 0.116484 0.101902 0.124876 0.121354 0.118784 0.116385 0.121256 0.117885 0.112832 0.110177 0.102309 0.105800 0.103055 0.124318 0.124423 0.123017 0.121767 0.112643 0.112013 0.119617 0.111024 0.108622 0.104889 0.104896 0.113106 0.123295 0.113273 0.116720 0.109647 0.123172 0.109413 0.111980 0.123489
0.099237 0.087011 0.091397 0.090626 0.107545 0.104239 0.102384 0.084808 0.107697 0.108626 0.101596 0.099203 0.105043 0.105056 0.096896 0.093130 0.105800 0.084056 0.089150 0.108587 0.106819 0.106080 0.106918 0.096914 0.099412 0.103873 0.096896 0.094828 0.092259 0.089161 0.097630 0.106109 0.100540 0.101360 0.092468 0.106043 0.092235 0.099347 0.110761
0.099603 0.086840 0.091238 0.089079 0.107909 0.098547 0.097166 0.085014 0.108059 0.104408 0.101977 0.099572 0.104890 0.100775 0.096567 0.093355 0.103055 0.089150 0.081961 0.106554 0.107629 0.106042 0.105397 0.096610 0.095355 0.103316 0.093310 0.089983 0.088115 0.087111 0.094944 0.106544 0.096319 0.098638 0.092829 0.106306 0.092594 0.095191 0.106543
0.118710 0.106575 0.110924 0.107155 0.127016 0.121700 0.119803 0.103989 0.127163 0.126454 0.121100 0.118682 0.124615 0.122763 0.116398 0.112509 0.124318 0.108587 0.106554 0.115581 0.126786 0.124837 0.125929 0.116424 0.117400 0.123259 0.114951 0.112482 0.110198 0.102433 0.111848 0.125764 0.118362 0.117980 0.111932 0.125323 0.111695 0.117281 0.128589
0.116448 0.105769 0.110159 0.108835 0.124754 0.122722 0.120857 0.101966 0.124902 0.127170 0.118830 0.116416 0.123801 0.123592 0.115646 0.111378 0.124423 0.106819 0.107629 0.126786 0.120222 0.123436 0.125604 0.115665 0.117969 0.122611 0.115452 0.113334 0.110811 0.107365 0.115877 0.123594 0.119084 0.119691 0.109671 0.123194 0.109436 0.117898 0.129305
0.114963 0.104531 0.108905 0.106912 0.123264 0.121141 0.119263 0.099753 0.123403 0.125664 0.117407 0.114943 0.122565 0.122076 0.114398 0.110055 0.123017 0.106080 0.106042 0.124837 0.123436 0.114603 0.124281 0.114418 0.116479 0.121340 0.113960 0.111781 0.109314 0.105423 0.113994 0.122398 0.117577 0.117916 0.108168 0.121241 0.107923 0.116400 0.127799
0.117607 0.104179 0.108924 0.108111 0.125915 0.120487 0.118752 0.103124 0.126066 0.124014 0.119969 0.117574 0.122220 0.120519 0.113350 0.111376 0.121767 0.106918 0.105397 0.125929 0.125604 0.124281 0.102309 0.113840 0.114655 0.121095 0.113338 0.111031 0.107561 0.106505 0.114818 0.124456 0.115933 0.118459 0.110837 0.124383 0.110604 0.114667 0.126149
0.107676 0.094001 0.098901 0.098496 0.115984 0.111696 0.109872 0.093227 0.116137 0.115900 0.110035 0.107643 0.112076 0.112348 0.103664 0.101448 0.112643 0.096914 0.096610 0.116424 0.115665 0.114418 0.113840 0.102463 0.106654 0.111126 0.104322 0.102258 0.099516 0.096996 0.105410 0.114497 0.107815 0.109084 0.100908 0.114475 0.100675 0.106605 0.118035
0.109954 0.096955 0.101449 0.099810 0.118261 0.110456 0.108907 0.095404 0.118411 0.112619 0.112324 0.109922 0.115010 0.109236 0.106583 0.103709 0.112013 0.099412 0.095355 0.117400 0.117969 0.116479 0.114655 0.106654 0.102433 0.113432 0.103756 0.100958 0.096048 0.097985 0.106084 0.116860 0.104544 0.109677 0.103182 0.116685 0.102948 0.103163 0.114754
0.114626 0.101092 0.105435 0.105346 0.122934 0.118396 0.116577 0.100163 0.123086 0.122661 0.116986 0.114592 0.119328 0.119106 0.111142 0.108375 0.119617 0.103873 0.103316 0.123259 0.122611 0.121340 0.121095 0.111126 0.113432 0.090595 0.110729 0.108919 0.106280 0.103830 0.112225 0.121460 0.114576 0.115882 0.107857 0.121415 0.107624 0.113368 0.124796
0.107441 0.094533 0.098841 0.097279 0.115748 0.108327 0.106580 0.092887 0.115898 0.112922 0.109811 0.107409 0.112587 0.109367 0.104292 0.101180 0.111024 0.096896 0.093310 0.114951 0.115452 0.113960 0.113338 0.104322 0.103756 0.110729 0.092929 0.098345 0.096552 0.095516 0.103666 0.114352 0.104837 0.107136 0.100668 0.114169 0.100434 0.103632 0.115057
0.105312 0.092491 0.096883 0.094913 0.113619 0.104942 0.103310 0.090736 0.113769 0.110077 0.107685 0.105281 0.110542 0.106500 0.102217 0.099061 0.108622 0.094828 0.089983 0.112482 0.113334 0.111781 0.111031 0.102258 0.100958 0.108919 0.098345 0.093556 0.093732 0.093045 0.101077 0.112242 0.101990 0.104551 0.098539 0.112025 0.098304 0.100809 0.112212
0.102795 0.089812 0.094298 0.092626 0.111102 0.103219 0.101678 0.088243 0.111253 0.104447 0.105166 0.102764 0.107867 0.101196 0.099450 0.096550 0.104889 0.092259 0.088115 0.110198 0.110811 0.109314 0.107561 0.099516 0.096048 0.106280 0.096552 0.093732 0.086865 0.090787 0.098881 0.109704 0.096396 0.102478 0.096023 0.109524 0.095789 0.095247 0.106582
0.099291 0.087147 0.091495 0.087713 0.107596 0.102259 0.100355 0.084572 0.107743 0.107070 0.101680 0.099262 0.105187 0.103409 0.096971 0.093086 0.104896 0.089161 0.087111 0.102433 0.107365 0.105423 0.106505 0.096996 0.097985 0.103830 0.095516 0.093045 0.090787 0.081355 0.091852 0.106342 0.098979 0.098491 0.092512 0.105904 0.092275 0.097870 0.109205
0.107811 0.095572 0.099926 0.096368 0.116117 0.110208 0.108355 0.093112 0.116264 0.115166 0.110199 0.107782 0.113613 0.111509 0.105383 0.101595 0.113106 0.097630 0.094944 0.111848 0.115877 0.113994 0.114818 0.105410 0.106084 0.112225 0.103666 0.101077 0.098881 0.091852 0.081833 0.114845 0.107076 0.106886 0.101033 0.114439 0.100797 0.105964 0.117301
0.114097 0.104600 0.109017 0.107817 0.122418 0.121636 0.119774 0.100865 0.122597 0.126065 0.116282 0.114038 0.122630 0.122490 0.114478 0.110611 0.123295 0.106109 0.106544 0.125764 0.123594 0.122398 0.124456 0.114497 0.116860 0.121460 0.114352 0.112242 0.109704 0.106342 0.114845 0.116941 0.117979 0.118644 0.107380 0.121771 0.107169 0.116791 0.128200
0.111067 0.098106 0.102585 0.100861 0.119374 0.111436 0.109904 0.096511 0.119524 0.108351 0.113438 0.111035 0.116161 0.105392 0.107752 0.104822 0.113273 0.100540 0.096319 0.118362 0.119084 0.117577 0.115933 0.107815 0.104544 0.114576 0.104837 0.101990 0.096396 0.098979 0.107076 0.117979 0.098040 0.110711 0.104295 0.117793 0.104060 0.103534 0.110486
0.111643 0.099248 0.103595 0.100299 0.119949 0.113748 0.111752 0.096983 0.120098 0.118799 0.114026 0.111614 0.117290 0.115186 0.109053 0.105393 0.116720 0.101360 0.098638 0.117980 0.119691 0.117916 0.118459 0.109084 0.109677 0.115882 0.107136 0.104551 0.102478 0.098491 0.106886 0.118644 0.110711 0.107481 0.104867 0.118298 0.104631 0.109560 0.120934
0.097830 0.091013 0.095414 0.093989 0.105970 0.107923 0.106057 0.086528 0.105401 0.112381 0.101185 0.098261 0.109045 0.108802 0.100889 0.096802 0.109647 0.092468 0.092829 0.111932 0.109671 0.108168 0.110837 0.100908 0.103182 0.107857 0.100668 0.098539 0.096023 0.092512 0.101033 0.107380 0.104295 0.104867 0.088892 0.107130 0.090263 0.103110 0.114516
0.113956 0.104583 0.108975 0.107383 0.122249 0.121402 0.119532 0.099547 0.122372 0.125879 0.116479 0.113954 0.122615 0.122298 0.114456 0.110244 0.123172 0.106043 0.106306 0.125323 0.123194 0.121241 0.124383 0.114475 0.116685 0.121415 0.114169 0.112025 0.109524 0.105904 0.114439 0.121771 0.117793 0.118298 0.107130 0.115347 0.106873 0.116611 0.128015
0.097737 0.090781 0.095181 0.093752 0.105919 0.107689 0.105822 0.086282 0.105699 0.112147 0.101005 0.098092 0.108813 0.108567 0.100656 0.096567 0.109413 0.092235 0.092594 0.111695 0.109436 0.107923 0.110604 0.100675 0.102948 0.107624 0.100434 0.098304 0.095789 0.092275 0.100797 0.107169 0.104060 0.104631 0.090263 0.106873 0.089050 0.102876 0.114282
0.109882 0.096901 0.101385 0.099710 0.118189 0.110295 0.108755 0.095330 0.118340 0.111605 0.112253 0.109851 0.114955 0.108312 0.106540 0.103637 0.111980 0.099347 0.095191 0.117281 0.117898 0.116400 0.114667 0.106605 0.103163 0.113368 0.103632 0.100809 0.095247 0.097870 0.105964 0.116791 0.103534 0.109560 0.103110 0.116611 0.102876 0.100379 0.113740
0.121288 0.108327 0.112805 0.111084 0.129595 0.121660 0.120128 0.106732 0.129746 0.106480 0.123659 0.121257 0.126381 0.115878 0.117972 0.115043 0.123489 0.110761 0.106543 0.128589 0.129305 0.127799 0.126149 0.118035 0.114754 0.124796 0.115057 0.112212 0.106582 0.109205 0.117301 0.128200 0.110486 0.120934 0.114516 0.128015 0.114282 0.113740 0.093073
