      AMA340 0.0010 0.0015 0.9976 
      AMA601 0.0006 0.0038 0.9956 
      AMA656 0.0010 0.0043 0.9947 
    AMANA034 0.0045 0.0690 0.9265 
    AMANA137 0.0020 0.1636 0.8344 
      AMZ551 0.0925 0.1735 0.7341 
      AMZ610 0.0754 0.0766 0.8481 
       B4615 0.0007 0.0017 0.9976 
       B5082 0.0010 0.0028 0.9962 
       BR033 0.0319 0.3314 0.6367 
       BR036 0.0026 0.3276 0.6698 
     BR36440 0.0050 0.0106 0.9845 
      CAM117 0.0013 0.0019 0.9969 
      CPE012 0.8885 0.1083 0.0032 
      CPE025 0.8690 0.1271 0.0039 
      CPE049 0.8551 0.1362 0.0087 
      CPE069 0.9218 0.0718 0.0063 
    CPEII008 0.9050 0.0922 0.0028 
      CUJ027 0.0009 0.0077 0.9914 
      CUJ072 0.0007 0.0078 0.9915 
      FPR006 0.0009 0.0472 0.9519 
      FPR015 0.0036 0.1589 0.8374 
      FPR021 0.0010 0.1261 0.8729 
    GAPTO259 0.2416 0.7540 0.0044 
    GAPTO268 0.2232 0.7733 0.0035 
    GAPTO277 0.2452 0.6918 0.0629 
    GAPTO327 0.2538 0.7399 0.0063 
      MAM010 0.0018 0.1200 0.8782 
      MAR092 0.0077 0.1024 0.8899 
       MF005 0.0901 0.3575 0.5524 
     MPDS628 0.0050 0.1529 0.8422 
      MSF107 0.1069 0.3693 0.5238 
       MT087 0.0010 0.1133 0.8857 
       MT123 0.0005 0.0948 0.9047 
       OM022 0.0014 0.0112 0.9874 
       OM112 0.0007 0.0049 0.9945 
       OM172 0.0014 0.0079 0.9907 
       OP100 0.0015 0.1001 0.8984 
     PIME024 0.0155 0.1413 0.8432 
     PIME062 0.0007 0.1057 0.8936 
     PIME079 0.0241 0.0549 0.9210 
     PIME134 0.1199 0.3754 0.5047 
     PIME135 0.1011 0.4035 0.4954 
     PIME169 0.0014 0.1329 0.8658 
     PIME460 0.0019 0.0900 0.9081 
     PIME482 0.0652 0.3177 0.6171 
     PIME521 0.0209 0.3734 0.6057 
     PIME522 0.0826 0.2754 0.6420 
    PPBIO221 0.1871 0.3848 0.4281 
    PPBIO305 0.2170 0.3565 0.4265 
      PPS041 0.0029 0.1233 0.8739 
      PPS174 0.0183 0.3014 0.6803 
      PPS221 0.0011 0.1030 0.8959 
      PPS352 0.0083 0.1438 0.8479 
      PUC008 0.0008 0.0072 0.9920 
      RDO007 0.3083 0.4370 0.2547 
      TLP025 0.0040 0.2430 0.7530 
      TLP123 0.0011 0.2280 0.7709 
    UFAC1007 0.0021 0.0045 0.9934 
     UFAC305 0.0005 0.0017 0.9978 
     UFAC476 0.0006 0.0029 0.9965 
      UHE442 0.1764 0.3670 0.4567 
      UNA002 0.9867 0.0102 0.0032 
      UNA018 0.9932 0.0044 0.0024 
      UNA088 0.8981 0.0678 0.0341 
      UNA110 0.9888 0.0083 0.0029 
      UNA124 0.9814 0.0090 0.0096 
       WM281 0.1283 0.2487 0.6230 
       WM293 0.1033 0.3754 0.5213 
