      AMA340 0.0004 0.0002 0.0002 0.0015 0.2189 0.0030 0.7718 0.0042 
      AMA601 0.0002 0.0002 0.0004 0.0069 0.1964 0.0068 0.7827 0.0064 
      AMA656 0.0002 0.0005 0.0002 0.0029 0.1846 0.0134 0.7925 0.0057 
    AMANA034 0.0007 0.0006 0.0014 0.0159 0.0672 0.0831 0.8049 0.0260 
    AMANA137 0.0003 0.0005 0.0042 0.0102 0.0446 0.0967 0.8012 0.0422 
      AMZ551 0.0005 0.0222 0.0011 0.0355 0.0570 0.1171 0.7446 0.0221 
      AMZ610 0.0066 0.0009 0.0004 0.0394 0.0484 0.1084 0.7802 0.0157 
       B4615 0.0001 0.0002 0.0002 0.0006 0.2214 0.0022 0.7711 0.0043 
       B5082 0.0002 0.0003 0.0003 0.0069 0.2032 0.0026 0.7841 0.0023 
       BR033 0.0003 0.0003 0.0004 0.0011 0.0014 0.2486 0.7471 0.0008 
       BR036 0.0002 0.0003 0.0025 0.0172 0.0023 0.2171 0.7557 0.0047 
     BR36440 0.0014 0.0010 0.0010 0.0016 0.1685 0.0095 0.7940 0.0230 
      CAM117 0.0002 0.0002 0.0002 0.0047 0.2296 0.0023 0.7594 0.0032 
      CPE012 0.0561 0.2683 0.0025 0.0002 0.0004 0.0012 0.6711 0.0003 
      CPE025 0.0561 0.2535 0.0056 0.0005 0.0004 0.0024 0.6809 0.0005 
      CPE049 0.0726 0.2074 0.0032 0.0003 0.0006 0.0039 0.7116 0.0004 
      CPE069 0.0834 0.2310 0.0022 0.0004 0.0007 0.0071 0.6749 0.0004 
    CPEII008 0.0771 0.2451 0.0020 0.0002 0.0004 0.0018 0.6731 0.0003 
      CUJ027 0.0002 0.0003 0.0004 0.0056 0.1924 0.0090 0.7725 0.0197 
      CUJ072 0.0001 0.0002 0.0004 0.0021 0.1824 0.0181 0.7880 0.0087 
      FPR006 0.0002 0.0001 0.0004 0.0013 0.0218 0.0035 0.7543 0.2183 
      FPR015 0.0002 0.0005 0.0019 0.0043 0.0695 0.1020 0.7878 0.0336 
      FPR021 0.0001 0.0002 0.0002 0.0160 0.0594 0.1115 0.7590 0.0536 
    GAPTO259 0.0366 0.0408 0.2031 0.0009 0.0007 0.0033 0.7144 0.0003 
    GAPTO268 0.0398 0.0309 0.2122 0.0003 0.0005 0.0021 0.7138 0.0005 
    GAPTO277 0.0307 0.0344 0.1424 0.0004 0.0008 0.0166 0.7728 0.0020 
    GAPTO327 0.0405 0.0389 0.1970 0.0004 0.0006 0.0039 0.7175 0.0012 
      MAM010 0.0003 0.0002 0.0012 0.0109 0.0774 0.0860 0.7820 0.0420 
      MAR092 0.0004 0.0004 0.0005 0.0060 0.0705 0.0917 0.7982 0.0321 
       MF005 0.0008 0.0053 0.0122 0.0020 0.0018 0.2263 0.7487 0.0030 
     MPDS628 0.0003 0.0017 0.0014 0.0015 0.0432 0.0852 0.8115 0.0552 
      MSF107 0.0089 0.0086 0.0028 0.0182 0.0034 0.1544 0.7994 0.0044 
       MT087 0.0003 0.0001 0.0004 0.1538 0.0507 0.0298 0.7496 0.0153 
       MT123 0.0001 0.0002 0.0003 0.1848 0.0358 0.0095 0.7560 0.0134 
       OM022 0.0002 0.0003 0.0002 0.0035 0.1744 0.0202 0.7548 0.0464 
       OM112 0.0001 0.0002 0.0003 0.0010 0.1588 0.0065 0.7533 0.0798 
       OM172 0.0003 0.0003 0.0003 0.0012 0.1709 0.0118 0.7733 0.0420 
       OP100 0.0003 0.0003 0.0019 0.0747 0.1018 0.0255 0.7467 0.0488 
     PIME024 0.0006 0.0003 0.0003 0.0061 0.0471 0.1297 0.7654 0.0507 
     PIME062 0.0001 0.0001 0.0003 0.0166 0.0668 0.1212 0.7744 0.0204 
     PIME079 0.0011 0.0003 0.0002 0.0038 0.0786 0.0913 0.8042 0.0205 
     PIME134 0.0156 0.0022 0.0370 0.0005 0.0019 0.1705 0.7712 0.0010 
     PIME135 0.0009 0.0171 0.0196 0.0003 0.0012 0.1980 0.7620 0.0008 
     PIME169 0.0002 0.0002 0.0005 0.0102 0.0666 0.1108 0.7792 0.0323 
     PIME460 0.0002 0.0005 0.0003 0.0164 0.0669 0.0778 0.7688 0.0691 
     PIME482 0.0006 0.0031 0.0041 0.0010 0.0021 0.2070 0.7800 0.0022 
     PIME521 0.0007 0.0022 0.0190 0.0040 0.0036 0.1789 0.7900 0.0017 
     PIME522 0.0005 0.0027 0.0011 0.0020 0.0032 0.2177 0.7703 0.0026 
    PPBIO221 0.0147 0.0361 0.0367 0.0007 0.0012 0.1248 0.7848 0.0011 
    PPBIO305 0.0251 0.0251 0.0281 0.0010 0.0010 0.1501 0.7683 0.0013 
      PPS041 0.0003 0.0006 0.0009 0.0859 0.0424 0.0678 0.7863 0.0158 
      PPS174 0.0004 0.0005 0.0002 0.0130 0.0009 0.1888 0.7948 0.0015 
      PPS221 0.0003 0.0003 0.0010 0.1051 0.0461 0.0405 0.8006 0.0061 
      PPS352 0.0029 0.0013 0.0037 0.0628 0.0476 0.0626 0.7965 0.0226 
      PUC008 0.0001 0.0002 0.0002 0.0007 0.1781 0.0340 0.7725 0.0140 
      RDO007 0.0481 0.0497 0.0641 0.0012 0.0009 0.0852 0.7451 0.0056 
      TLP025 0.0002 0.0003 0.0003 0.0348 0.0104 0.1753 0.7771 0.0017 
      TLP123 0.0001 0.0001 0.0002 0.0537 0.0053 0.1658 0.7632 0.0114 
    UFAC1007 0.0005 0.0004 0.0003 0.0017 0.1895 0.0050 0.8006 0.0021 
     UFAC305 0.0001 0.0002 0.0002 0.0030 0.1863 0.0069 0.7754 0.0279 
     UFAC476 0.0002 0.0002 0.0002 0.0009 0.1851 0.0028 0.8013 0.0093 
      UHE442 0.0165 0.0241 0.0396 0.0011 0.0054 0.1765 0.7355 0.0012 
      UNA002 0.2595 0.0472 0.0061 0.0003 0.0006 0.0016 0.6845 0.0003 
      UNA018 0.2790 0.0430 0.0012 0.0002 0.0004 0.0016 0.6744 0.0002 
      UNA088 0.2142 0.0621 0.0052 0.0005 0.0011 0.0089 0.7064 0.0017 
      UNA110 0.2612 0.0508 0.0094 0.0002 0.0004 0.0011 0.6766 0.0003 
      UNA124 0.2365 0.0537 0.0007 0.0005 0.0007 0.0026 0.7048 0.0006 
       WM281 0.0134 0.0036 0.0040 0.0029 0.0089 0.1732 0.7894 0.0046 
       WM293 0.0016 0.0066 0.0286 0.0003 0.0015 0.2005 0.7533 0.0075 
