      AMA340 0.9600 0.0008 0.0010 0.0014 0.0368 
      AMA601 0.9194 0.0016 0.0006 0.0005 0.0779 
      AMA656 0.9129 0.0019 0.0019 0.0004 0.0828 
    AMANA034 0.5992 0.0071 0.0036 0.0016 0.3883 
    AMANA137 0.5468 0.0252 0.0027 0.0009 0.4244 
      AMZ551 0.4527 0.0141 0.1140 0.0009 0.4182 
      AMZ610 0.5293 0.0029 0.0130 0.0325 0.4223 
       B4615 0.9834 0.0013 0.0014 0.0004 0.0135 
       B5082 0.9732 0.0019 0.0017 0.0004 0.0227 
       BR033 0.2478 0.0338 0.0424 0.0019 0.6741 
       BR036 0.2732 0.0420 0.0057 0.0007 0.6784 
     BR36440 0.9361 0.0072 0.0047 0.0049 0.0471 
      CAM117 0.9686 0.0013 0.0016 0.0011 0.0274 
      CPE012 0.0032 0.0111 0.9471 0.0356 0.0030 
      CPE025 0.0032 0.0110 0.9041 0.0730 0.0087 
      CPE049 0.0071 0.0132 0.8481 0.1127 0.0188 
      CPE069 0.0040 0.0040 0.8709 0.1153 0.0058 
    CPEII008 0.0023 0.0043 0.9007 0.0889 0.0037 
      CUJ027 0.8923 0.0039 0.0011 0.0005 0.1022 
      CUJ072 0.8941 0.0022 0.0009 0.0003 0.1024 
      FPR006 0.6235 0.0009 0.0007 0.0004 0.3746 
      FPR015 0.5701 0.0285 0.0060 0.0007 0.3947 
      FPR021 0.5228 0.0027 0.0012 0.0004 0.4729 
    GAPTO259 0.0065 0.7308 0.1869 0.0591 0.0167 
    GAPTO268 0.0053 0.7465 0.1471 0.0749 0.0262 
    GAPTO277 0.0289 0.5709 0.1853 0.0515 0.1634 
    GAPTO327 0.0084 0.7165 0.1856 0.0676 0.0219 
      MAM010 0.6071 0.0320 0.0010 0.0020 0.3578 
      MAR092 0.6215 0.0037 0.0041 0.0026 0.3682 
       MF005 0.2416 0.1224 0.0989 0.0022 0.5349 
     MPDS628 0.6063 0.0146 0.0151 0.0009 0.3631 
      MSF107 0.1978 0.0818 0.0720 0.0436 0.6049 
       MT087 0.4835 0.0014 0.0005 0.0008 0.5138 
       MT123 0.4079 0.0006 0.0004 0.0003 0.5908 
       OM022 0.8064 0.0011 0.0010 0.0007 0.1908 
       OM112 0.8670 0.0013 0.0009 0.0003 0.1305 
       OM172 0.8420 0.0019 0.0012 0.0007 0.1543 
       OP100 0.5833 0.0037 0.0010 0.0007 0.4112 
     PIME024 0.5178 0.0022 0.0032 0.0102 0.4666 
     PIME062 0.5477 0.0018 0.0006 0.0004 0.4496 
     PIME079 0.6375 0.0014 0.0024 0.0129 0.3458 
     PIME134 0.2561 0.1756 0.1019 0.0196 0.4468 
     PIME135 0.2276 0.1450 0.1126 0.0045 0.5103 
     PIME169 0.5506 0.0078 0.0015 0.0005 0.4397 
     PIME460 0.6295 0.0017 0.0024 0.0005 0.3659 
     PIME482 0.2753 0.0795 0.0718 0.0014 0.5719 
     PIME521 0.2826 0.1392 0.0426 0.0024 0.5332 
     PIME522 0.3149 0.0566 0.0779 0.0064 0.5441 
    PPBIO221 0.1750 0.1860 0.1652 0.0303 0.4435 
    PPBIO305 0.1666 0.1460 0.1560 0.0750 0.4563 
      PPS041 0.5068 0.0039 0.0029 0.0006 0.4858 
      PPS174 0.2251 0.0021 0.0203 0.0013 0.7513 
      PPS221 0.4853 0.0022 0.0009 0.0005 0.5111 
      PPS352 0.5118 0.0076 0.0066 0.0042 0.4697 
      PUC008 0.8598 0.0013 0.0012 0.0004 0.1373 
      RDO007 0.0795 0.2761 0.2534 0.0732 0.3178 
      TLP025 0.3580 0.0049 0.0033 0.0013 0.6326 
      TLP123 0.2902 0.0014 0.0008 0.0006 0.7071 
    UFAC1007 0.9388 0.0024 0.0023 0.0014 0.0551 
     UFAC305 0.8953 0.0006 0.0006 0.0003 0.1031 
     UFAC476 0.9468 0.0016 0.0008 0.0005 0.0503 
      UHE442 0.2532 0.1967 0.1407 0.0422 0.3672 
      UNA002 0.0030 0.0173 0.3491 0.6277 0.0029 
      UNA018 0.0020 0.0030 0.3428 0.6490 0.0032 
      UNA088 0.0135 0.0322 0.4110 0.5014 0.0420 
      UNA110 0.0025 0.0130 0.3758 0.6056 0.0031 
      UNA124 0.0056 0.0048 0.4160 0.5653 0.0084 
       WM281 0.3526 0.0662 0.0862 0.0327 0.4624 
       WM293 0.2402 0.1507 0.1050 0.0041 0.5000 
