      AMA340 0.0002 0.7813 0.0026 0.0021 0.0031 0.2104 0.0003 
      AMA601 0.0001 0.7916 0.0059 0.0097 0.0041 0.1880 0.0005 
      AMA656 0.0002 0.8010 0.0120 0.0050 0.0040 0.1774 0.0004 
    AMANA034 0.0005 0.8129 0.0720 0.0290 0.0208 0.0625 0.0022 
    AMANA137 0.0003 0.8099 0.0959 0.0154 0.0364 0.0388 0.0034 
      AMZ551 0.0066 0.7559 0.1263 0.0512 0.0108 0.0464 0.0029 
      AMZ610 0.0027 0.7893 0.1012 0.0577 0.0088 0.0393 0.0008 
       B4615 0.0001 0.7805 0.0019 0.0010 0.0031 0.2132 0.0003 
       B5082 0.0002 0.7931 0.0023 0.0091 0.0015 0.1935 0.0004 
       BR033 0.0002 0.7573 0.2388 0.0013 0.0005 0.0011 0.0008 
       BR036 0.0002 0.7653 0.2100 0.0184 0.0024 0.0017 0.0020 
     BR36440 0.0010 0.8033 0.0086 0.0021 0.0187 0.1648 0.0016 
      CAM117 0.0002 0.7689 0.0021 0.0049 0.0021 0.2215 0.0003 
      CPE012 0.2256 0.6984 0.0017 0.0003 0.0003 0.0005 0.0733 
      CPE025 0.2136 0.7068 0.0042 0.0008 0.0007 0.0005 0.0734 
      CPE049 0.1930 0.7356 0.0045 0.0005 0.0004 0.0007 0.0652 
      CPE069 0.2288 0.7017 0.0110 0.0006 0.0003 0.0009 0.0566 
    CPEII008 0.2291 0.7009 0.0029 0.0004 0.0003 0.0005 0.0659 
      CUJ027 0.0001 0.7817 0.0075 0.0090 0.0155 0.1855 0.0006 
      CUJ072 0.0001 0.7966 0.0173 0.0041 0.0062 0.1752 0.0005 
      FPR006 0.0001 0.7633 0.0020 0.0016 0.2213 0.0113 0.0003 
      FPR015 0.0002 0.7965 0.0993 0.0100 0.0274 0.0644 0.0021 
      FPR021 0.0001 0.7680 0.1105 0.0222 0.0455 0.0533 0.0003 
    GAPTO259 0.0313 0.7298 0.0033 0.0014 0.0003 0.0007 0.2332 
    GAPTO268 0.0250 0.7290 0.0020 0.0004 0.0005 0.0005 0.2426 
    GAPTO277 0.0276 0.7849 0.0142 0.0007 0.0022 0.0007 0.1697 
    GAPTO327 0.0328 0.7328 0.0033 0.0006 0.0014 0.0006 0.2285 
      MAM010 0.0002 0.7907 0.0775 0.0191 0.0390 0.0715 0.0019 
      MAR092 0.0003 0.8067 0.0883 0.0105 0.0281 0.0653 0.0007 
       MF005 0.0009 0.7584 0.2080 0.0031 0.0022 0.0015 0.0259 
     MPDS628 0.0005 0.8198 0.0842 0.0028 0.0518 0.0389 0.0021 
      MSF107 0.0136 0.8095 0.1425 0.0214 0.0034 0.0028 0.0067 
       MT087 0.0001 0.7559 0.0059 0.2013 0.0051 0.0314 0.0003 
       MT123 0.0001 0.7603 0.0024 0.2259 0.0024 0.0086 0.0002 
       OM022 0.0002 0.7646 0.0164 0.0053 0.0457 0.1676 0.0003 
       OM112 0.0001 0.7627 0.0050 0.0015 0.0795 0.1508 0.0004 
       OM172 0.0002 0.7825 0.0091 0.0024 0.0419 0.1635 0.0004 
       OP100 0.0002 0.7549 0.0092 0.1079 0.0383 0.0882 0.0013 
     PIME024 0.0003 0.7748 0.1299 0.0085 0.0447 0.0414 0.0004 
     PIME062 0.0001 0.7829 0.1210 0.0213 0.0127 0.0617 0.0003 
     PIME079 0.0005 0.8126 0.0900 0.0073 0.0149 0.0743 0.0004 
     PIME134 0.0069 0.7814 0.1577 0.0008 0.0007 0.0017 0.0508 
     PIME135 0.0020 0.7720 0.1866 0.0005 0.0006 0.0010 0.0372 
     PIME169 0.0001 0.7878 0.1063 0.0181 0.0254 0.0617 0.0006 
     PIME460 0.0002 0.7781 0.0724 0.0271 0.0613 0.0605 0.0005 
     PIME482 0.0009 0.7894 0.1956 0.0015 0.0013 0.0017 0.0097 
     PIME521 0.0007 0.7989 0.1623 0.0045 0.0013 0.0032 0.0291 
     PIME522 0.0009 0.7797 0.2086 0.0026 0.0017 0.0025 0.0041 
    PPBIO221 0.0254 0.7959 0.1148 0.0010 0.0009 0.0011 0.0611 
    PPBIO305 0.0336 0.7806 0.1408 0.0013 0.0009 0.0008 0.0420 
      PPS041 0.0003 0.7934 0.0426 0.1219 0.0101 0.0305 0.0012 
      PPS174 0.0004 0.8031 0.1847 0.0097 0.0010 0.0007 0.0004 
      PPS221 0.0002 0.8065 0.0124 0.1463 0.0033 0.0307 0.0006 
      PPS352 0.0013 0.8038 0.0403 0.0989 0.0153 0.0360 0.0045 
      PUC008 0.0001 0.7817 0.0342 0.0014 0.0097 0.1727 0.0003 
      RDO007 0.0556 0.7594 0.0799 0.0017 0.0042 0.0008 0.0985 
      TLP025 0.0002 0.7854 0.1644 0.0428 0.0009 0.0058 0.0005 
      TLP123 0.0001 0.7714 0.1508 0.0694 0.0051 0.0030 0.0003 
    UFAC1007 0.0004 0.8092 0.0046 0.0024 0.0013 0.1817 0.0005 
     UFAC305 0.0001 0.7844 0.0074 0.0057 0.0216 0.1805 0.0002 
     UFAC476 0.0001 0.8094 0.0026 0.0014 0.0069 0.1794 0.0003 
      UHE442 0.0203 0.7478 0.1643 0.0015 0.0009 0.0045 0.0607 
      UNA002 0.2511 0.7133 0.0012 0.0003 0.0002 0.0005 0.0333 
      UNA018 0.2662 0.7037 0.0012 0.0003 0.0002 0.0003 0.0280 
      UNA088 0.2172 0.7321 0.0051 0.0008 0.0014 0.0009 0.0425 
      UNA110 0.2588 0.7054 0.0010 0.0002 0.0002 0.0004 0.0339 
      UNA124 0.2406 0.7318 0.0026 0.0006 0.0005 0.0007 0.0232 
       WM281 0.0060 0.7995 0.1603 0.0053 0.0031 0.0071 0.0186 
       WM293 0.0013 0.7637 0.1845 0.0005 0.0063 0.0014 0.0423 
