      AMA340 0.2067 0.0024 0.7820 0.0084 0.0002 0.0002 
      AMA601 0.1818 0.0037 0.7926 0.0213 0.0005 0.0001 
      AMA656 0.1730 0.0086 0.8019 0.0159 0.0004 0.0002 
    AMANA034 0.0714 0.0504 0.8140 0.0614 0.0022 0.0006 
    AMANA137 0.0512 0.0853 0.8108 0.0484 0.0041 0.0003 
      AMZ551 0.0496 0.1121 0.7569 0.0698 0.0025 0.0092 
      AMZ610 0.0404 0.0898 0.7901 0.0751 0.0008 0.0038 
       B4615 0.2129 0.0018 0.7817 0.0031 0.0003 0.0001 
       B5082 0.1872 0.0018 0.7940 0.0165 0.0004 0.0002 
       BR033 0.0011 0.2372 0.7580 0.0028 0.0007 0.0002 
       BR036 0.0020 0.1961 0.7661 0.0333 0.0024 0.0002 
     BR36440 0.1805 0.0073 0.8047 0.0050 0.0014 0.0011 
      CAM117 0.2162 0.0017 0.7699 0.0117 0.0003 0.0002 
      CPE012 0.0004 0.0014 0.6974 0.0004 0.0523 0.2482 
      CPE025 0.0004 0.0031 0.7059 0.0012 0.0535 0.2359 
      CPE049 0.0005 0.0033 0.7348 0.0007 0.0470 0.2137 
      CPE069 0.0007 0.0078 0.7007 0.0008 0.0398 0.2502 
    CPEII008 0.0004 0.0021 0.6998 0.0005 0.0466 0.2507 
      CUJ027 0.1838 0.0048 0.7827 0.0279 0.0006 0.0002 
      CUJ072 0.1739 0.0136 0.7975 0.0143 0.0005 0.0001 
      FPR006 0.1059 0.0157 0.7679 0.1099 0.0005 0.0001 
      FPR015 0.0740 0.0867 0.7974 0.0392 0.0024 0.0003 
      FPR021 0.0677 0.1060 0.7691 0.0568 0.0003 0.0001 
    GAPTO259 0.0005 0.0022 0.7289 0.0014 0.2266 0.0404 
    GAPTO268 0.0004 0.0016 0.7280 0.0005 0.2366 0.0328 
    GAPTO277 0.0007 0.0134 0.7845 0.0013 0.1647 0.0354 
    GAPTO327 0.0006 0.0025 0.7319 0.0009 0.2226 0.0415 
      MAM010 0.0880 0.0741 0.7919 0.0441 0.0018 0.0002 
      MAR092 0.0747 0.0803 0.8077 0.0362 0.0007 0.0004 
       MF005 0.0019 0.2059 0.7590 0.0083 0.0238 0.0011 
     MPDS628 0.0550 0.0875 0.8210 0.0343 0.0018 0.0005 
      MSF107 0.0029 0.1456 0.8098 0.0220 0.0057 0.0141 
       MT087 0.0188 0.0050 0.7572 0.2185 0.0003 0.0001 
       MT123 0.0045 0.0018 0.7617 0.2316 0.0002 0.0001 
       OM022 0.1866 0.0194 0.7659 0.0277 0.0003 0.0002 
       OM112 0.1956 0.0098 0.7644 0.0297 0.0003 0.0001 
       OM172 0.1811 0.0136 0.7837 0.0210 0.0004 0.0002 
       OP100 0.0919 0.0076 0.7564 0.1424 0.0015 0.0002 
     PIME024 0.0548 0.1255 0.7758 0.0432 0.0004 0.0003 
     PIME062 0.0647 0.1050 0.7838 0.0460 0.0003 0.0001 
     PIME079 0.0811 0.0810 0.8134 0.0237 0.0003 0.0005 
     PIME134 0.0018 0.1593 0.7817 0.0014 0.0477 0.0081 
     PIME135 0.0010 0.1900 0.7725 0.0008 0.0325 0.0031 
     PIME169 0.0687 0.0963 0.7888 0.0455 0.0006 0.0001 
     PIME460 0.0810 0.0697 0.7794 0.0692 0.0005 0.0002 
     PIME482 0.0020 0.1957 0.7900 0.0034 0.0077 0.0011 
     PIME521 0.0033 0.1631 0.7994 0.0061 0.0274 0.0007 
     PIME522 0.0034 0.2069 0.7803 0.0054 0.0031 0.0010 
    PPBIO221 0.0011 0.1161 0.7960 0.0015 0.0554 0.0299 
    PPBIO305 0.0008 0.1415 0.7807 0.0020 0.0382 0.0367 
      PPS041 0.0277 0.0348 0.7946 0.1413 0.0013 0.0003 
      PPS174 0.0008 0.1832 0.8037 0.0117 0.0003 0.0004 
      PPS221 0.0231 0.0127 0.8073 0.1560 0.0007 0.0002 
      PPS352 0.0357 0.0301 0.8042 0.1236 0.0048 0.0016 
      PUC008 0.1767 0.0343 0.7826 0.0061 0.0003 0.0001 
      RDO007 0.0009 0.0812 0.7592 0.0049 0.0904 0.0635 
      TLP025 0.0055 0.1579 0.7862 0.0497 0.0005 0.0002 
      TLP123 0.0027 0.1383 0.7723 0.0863 0.0003 0.0001 
    UFAC1007 0.1783 0.0044 0.8099 0.0065 0.0004 0.0004 
     UFAC305 0.1799 0.0053 0.7854 0.0291 0.0002 0.0001 
     UFAC476 0.1817 0.0023 0.8102 0.0054 0.0003 0.0001 
      UHE442 0.0050 0.1645 0.7482 0.0030 0.0554 0.0238 
      UNA002 0.0004 0.0009 0.7118 0.0004 0.0210 0.2656 
      UNA018 0.0003 0.0009 0.7021 0.0004 0.0147 0.2816 
      UNA088 0.0008 0.0037 0.7311 0.0011 0.0294 0.2339 
      UNA110 0.0003 0.0007 0.7037 0.0003 0.0225 0.2725 
      UNA124 0.0005 0.0017 0.7306 0.0008 0.0103 0.2560 
       WM281 0.0073 0.1565 0.8001 0.0129 0.0149 0.0083 
       WM293 0.0017 0.1921 0.7642 0.0014 0.0390 0.0016 
