      AMA340 0.1451 0.0050 0.0019 0.7831 0.0644 0.0003 0.0002 
      AMA601 0.1245 0.0094 0.0067 0.7936 0.0650 0.0002 0.0006 
      AMA656 0.1174 0.0166 0.0025 0.8031 0.0597 0.0003 0.0004 
    AMANA034 0.0292 0.0679 0.0127 0.8145 0.0733 0.0006 0.0017 
    AMANA137 0.0084 0.0782 0.0052 0.8125 0.0909 0.0003 0.0045 
      AMZ551 0.0207 0.1221 0.0325 0.7582 0.0559 0.0088 0.0017 
      AMZ610 0.0149 0.0976 0.0396 0.7916 0.0523 0.0035 0.0005 
       B4615 0.1630 0.0051 0.0009 0.7829 0.0476 0.0002 0.0003 
       B5082 0.1300 0.0037 0.0087 0.7954 0.0614 0.0003 0.0005 
       BR033 0.0006 0.2368 0.0011 0.7590 0.0017 0.0002 0.0006 
       BR036 0.0008 0.2015 0.0194 0.7673 0.0082 0.0002 0.0026 
     BR36440 0.0901 0.0085 0.0012 0.8057 0.0919 0.0012 0.0013 
      CAM117 0.1705 0.0047 0.0130 0.7711 0.0400 0.0003 0.0003 
      CPE012 0.0003 0.0018 0.0002 0.6990 0.0005 0.2657 0.0324 
      CPE025 0.0002 0.0042 0.0005 0.7075 0.0009 0.2534 0.0333 
      CPE049 0.0004 0.0045 0.0003 0.7364 0.0008 0.2295 0.0281 
      CPE069 0.0006 0.0094 0.0004 0.7021 0.0008 0.2648 0.0220 
    CPEII008 0.0003 0.0029 0.0002 0.7013 0.0005 0.2671 0.0277 
      CUJ027 0.1118 0.0074 0.0034 0.7838 0.0927 0.0002 0.0006 
      CUJ072 0.1149 0.0203 0.0017 0.7985 0.0639 0.0001 0.0005 
      FPR006 0.0010 0.0023 0.0006 0.7679 0.2276 0.0001 0.0004 
      FPR015 0.0196 0.0819 0.0019 0.7985 0.0956 0.0003 0.0022 
      FPR021 0.0065 0.0870 0.0050 0.7703 0.1307 0.0001 0.0003 
    GAPTO259 0.0005 0.0075 0.0024 0.7323 0.0010 0.0548 0.2015 
    GAPTO268 0.0004 0.0046 0.0003 0.7315 0.0013 0.0483 0.2136 
    GAPTO277 0.0004 0.0237 0.0004 0.7868 0.0018 0.0461 0.1408 
    GAPTO327 0.0004 0.0086 0.0005 0.7353 0.0025 0.0558 0.1969 
      MAM010 0.0323 0.0718 0.0066 0.7930 0.0946 0.0002 0.0015 
      MAR092 0.0265 0.0789 0.0027 0.8088 0.0820 0.0004 0.0006 
       MF005 0.0007 0.2129 0.0015 0.7603 0.0070 0.0011 0.0166 
     MPDS628 0.0060 0.0710 0.0008 0.8220 0.0977 0.0006 0.0018 
      MSF107 0.0017 0.1444 0.0206 0.8114 0.0053 0.0127 0.0039 
       MT087 0.0063 0.0094 0.1449 0.7590 0.0799 0.0002 0.0004 
       MT123 0.0090 0.0051 0.1748 0.7638 0.0469 0.0001 0.0003 
       OM022 0.0898 0.0150 0.0017 0.7669 0.1261 0.0002 0.0003 
       OM112 0.0710 0.0038 0.0005 0.7653 0.1590 0.0001 0.0003 
       OM172 0.0899 0.0102 0.0008 0.7847 0.1138 0.0002 0.0004 
       OP100 0.0310 0.0093 0.0631 0.7580 0.1362 0.0002 0.0022 
     PIME024 0.0057 0.1110 0.0019 0.7770 0.1038 0.0003 0.0004 
     PIME062 0.0232 0.1031 0.0074 0.7850 0.0810 0.0001 0.0003 
     PIME079 0.0376 0.0771 0.0025 0.8145 0.0674 0.0006 0.0003 
     PIME134 0.0010 0.1651 0.0004 0.7831 0.0019 0.0093 0.0391 
     PIME135 0.0006 0.1964 0.0003 0.7738 0.0012 0.0036 0.0242 
     PIME169 0.0193 0.0903 0.0048 0.7899 0.0950 0.0002 0.0006 
     PIME460 0.0070 0.0541 0.0055 0.7808 0.1519 0.0002 0.0005 
     PIME482 0.0008 0.1968 0.0009 0.7911 0.0048 0.0010 0.0047 
     PIME521 0.0024 0.1681 0.0040 0.8007 0.0028 0.0008 0.0212 
     PIME522 0.0014 0.2079 0.0017 0.7813 0.0052 0.0009 0.0016 
    PPBIO221 0.0006 0.1225 0.0006 0.7975 0.0017 0.0338 0.0432 
    PPBIO305 0.0005 0.1464 0.0009 0.7820 0.0014 0.0386 0.0301 
      PPS041 0.0120 0.0540 0.0838 0.7959 0.0529 0.0004 0.0010 
      PPS174 0.0005 0.1761 0.0164 0.8049 0.0014 0.0004 0.0003 
      PPS221 0.0268 0.0354 0.1111 0.8091 0.0166 0.0003 0.0007 
      PPS352 0.0071 0.0376 0.0606 0.8052 0.0835 0.0017 0.0043 
      PUC008 0.1137 0.0401 0.0008 0.7836 0.0615 0.0002 0.0003 
      RDO007 0.0004 0.0900 0.0011 0.7610 0.0039 0.0713 0.0723 
      TLP025 0.0054 0.1653 0.0362 0.7873 0.0052 0.0002 0.0004 
      TLP123 0.0014 0.1463 0.0531 0.7737 0.0251 0.0001 0.0003 
    UFAC1007 0.1292 0.0092 0.0022 0.8113 0.0471 0.0007 0.0005 
     UFAC305 0.1046 0.0063 0.0017 0.7863 0.1007 0.0001 0.0002 
     UFAC476 0.1216 0.0034 0.0011 0.8115 0.0619 0.0002 0.0003 
      UHE442 0.0029 0.1739 0.0009 0.7497 0.0031 0.0264 0.0431 
      UNA002 0.0003 0.0011 0.0002 0.7127 0.0004 0.2738 0.0116 
      UNA018 0.0002 0.0010 0.0002 0.7030 0.0004 0.2900 0.0052 
      UNA088 0.0003 0.0042 0.0004 0.7324 0.0020 0.2446 0.0161 
      UNA110 0.0002 0.0008 0.0001 0.7046 0.0004 0.2803 0.0135 
      UNA124 0.0003 0.0018 0.0003 0.7312 0.0008 0.2631 0.0025 
       WM281 0.0024 0.1572 0.0021 0.8014 0.0196 0.0093 0.0081 
       WM293 0.0008 0.1978 0.0003 0.7656 0.0032 0.0020 0.0303 
