      AMA340 0.0045 0.0003 0.0028 0.0925 0.0003 0.7840 0.1128 0.0028 
      AMA601 0.0045 0.0007 0.0069 0.0906 0.0002 0.7944 0.0955 0.0072 
      AMA656 0.0097 0.0004 0.0029 0.0880 0.0003 0.8038 0.0878 0.0071 
    AMANA034 0.0493 0.0016 0.0129 0.0905 0.0005 0.8144 0.0193 0.0115 
    AMANA137 0.0473 0.0049 0.0056 0.1127 0.0003 0.8123 0.0033 0.0136 
      AMZ551 0.0647 0.0017 0.0309 0.0725 0.0075 0.7579 0.0108 0.0538 
      AMZ610 0.0314 0.0005 0.0384 0.0716 0.0032 0.7913 0.0065 0.0571 
       B4615 0.0060 0.0004 0.0015 0.0762 0.0002 0.7842 0.1298 0.0018 
       B5082 0.0030 0.0005 0.0105 0.0894 0.0003 0.7961 0.0986 0.0015 
       BR033 0.0645 0.0007 0.0006 0.0029 0.0002 0.7586 0.0004 0.1720 
       BR036 0.0066 0.0043 0.0042 0.0173 0.0002 0.7666 0.0005 0.2003 
     BR36440 0.0053 0.0013 0.0011 0.1127 0.0011 0.8059 0.0693 0.0032 
      CAM117 0.0059 0.0004 0.0182 0.0637 0.0004 0.7723 0.1373 0.0017 
      CPE012 0.0012 0.0330 0.0001 0.0006 0.2658 0.6985 0.0002 0.0006 
      CPE025 0.0024 0.0342 0.0005 0.0010 0.2534 0.7069 0.0002 0.0015 
      CPE049 0.0026 0.0289 0.0003 0.0009 0.2296 0.7359 0.0002 0.0015 
      CPE069 0.0077 0.0220 0.0004 0.0009 0.2652 0.7016 0.0004 0.0019 
    CPEII008 0.0018 0.0282 0.0002 0.0006 0.2674 0.7007 0.0002 0.0009 
      CUJ027 0.0053 0.0006 0.0036 0.1227 0.0002 0.7842 0.0821 0.0012 
      CUJ072 0.0155 0.0005 0.0022 0.0915 0.0001 0.7991 0.0874 0.0035 
      FPR006 0.0010 0.0003 0.0005 0.2293 0.0001 0.7672 0.0006 0.0010 
      FPR015 0.0482 0.0022 0.0022 0.1224 0.0003 0.7982 0.0078 0.0188 
      FPR021 0.0339 0.0003 0.0054 0.1623 0.0001 0.7698 0.0013 0.0269 
    GAPTO259 0.0038 0.2062 0.0017 0.0012 0.0535 0.7312 0.0003 0.0021 
    GAPTO268 0.0018 0.2175 0.0002 0.0012 0.0470 0.7303 0.0002 0.0017 
    GAPTO277 0.0120 0.1451 0.0004 0.0021 0.0458 0.7862 0.0002 0.0083 
    GAPTO327 0.0058 0.2013 0.0004 0.0022 0.0546 0.7342 0.0002 0.0012 
      MAM010 0.0334 0.0016 0.0060 0.1189 0.0002 0.7928 0.0206 0.0265 
      MAR092 0.0481 0.0007 0.0024 0.1073 0.0004 0.8086 0.0136 0.0189 
       MF005 0.2244 0.0077 0.0011 0.0037 0.0004 0.7597 0.0003 0.0028 
     MPDS628 0.0600 0.0014 0.0007 0.1121 0.0005 0.8216 0.0018 0.0019 
      MSF107 0.0367 0.0044 0.0154 0.0065 0.0130 0.8108 0.0010 0.1121 
       MT087 0.0025 0.0003 0.1448 0.0870 0.0001 0.7582 0.0015 0.0056 
       MT123 0.0023 0.0002 0.1808 0.0467 0.0001 0.7632 0.0043 0.0023 
       OM022 0.0034 0.0002 0.0015 0.1500 0.0002 0.7671 0.0661 0.0113 
       OM112 0.0016 0.0003 0.0005 0.1759 0.0001 0.7653 0.0549 0.0014 
       OM172 0.0048 0.0003 0.0007 0.1389 0.0002 0.7849 0.0665 0.0036 
       OP100 0.0032 0.0014 0.0617 0.1603 0.0002 0.7573 0.0136 0.0022 
     PIME024 0.0919 0.0003 0.0015 0.1205 0.0003 0.7763 0.0016 0.0075 
     PIME062 0.0844 0.0003 0.0071 0.1082 0.0001 0.7847 0.0100 0.0052 
     PIME079 0.0668 0.0003 0.0022 0.0871 0.0004 0.8145 0.0247 0.0038 
     PIME134 0.1717 0.0351 0.0004 0.0017 0.0031 0.7825 0.0005 0.0050 
     PIME135 0.1910 0.0203 0.0002 0.0014 0.0014 0.7736 0.0003 0.0118 
     PIME169 0.0362 0.0007 0.0041 0.1261 0.0002 0.7896 0.0078 0.0354 
     PIME460 0.0225 0.0005 0.0062 0.1826 0.0002 0.7803 0.0015 0.0063 
     PIME482 0.1430 0.0034 0.0007 0.0062 0.0007 0.7908 0.0004 0.0549 
     PIME521 0.0453 0.0267 0.0026 0.0046 0.0008 0.8004 0.0018 0.1177 
     PIME522 0.0791 0.0018 0.0009 0.0074 0.0009 0.7809 0.0008 0.1282 
    PPBIO221 0.1232 0.0413 0.0005 0.0018 0.0300 0.7970 0.0004 0.0056 
    PPBIO305 0.1456 0.0274 0.0008 0.0013 0.0341 0.7817 0.0003 0.0089 
      PPS041 0.0144 0.0010 0.0822 0.0662 0.0003 0.7953 0.0043 0.0362 
      PPS174 0.0031 0.0003 0.0032 0.0015 0.0003 0.8038 0.0003 0.1874 
      PPS221 0.0051 0.0005 0.1029 0.0141 0.0002 0.8087 0.0187 0.0497 
      PPS352 0.0225 0.0035 0.0621 0.0958 0.0016 0.8047 0.0027 0.0069 
      PUC008 0.0368 0.0003 0.0008 0.0875 0.0002 0.7843 0.0858 0.0044 
      RDO007 0.0912 0.0715 0.0009 0.0028 0.0683 0.7603 0.0002 0.0048 
      TLP025 0.0180 0.0005 0.0305 0.0107 0.0002 0.7869 0.0043 0.1489 
      TLP123 0.0038 0.0003 0.0405 0.0388 0.0001 0.7730 0.0006 0.1428 
    UFAC1007 0.0067 0.0006 0.0025 0.0730 0.0008 0.8121 0.0999 0.0044 
     UFAC305 0.0021 0.0002 0.0016 0.1305 0.0001 0.7867 0.0759 0.0028 
     UFAC476 0.0021 0.0004 0.0012 0.0868 0.0002 0.8123 0.0949 0.0021 
      UHE442 0.1817 0.0406 0.0007 0.0024 0.0184 0.7489 0.0010 0.0063 
      UNA002 0.0007 0.0116 0.0002 0.0005 0.2742 0.7123 0.0002 0.0003 
      UNA018 0.0006 0.0046 0.0002 0.0004 0.2910 0.7026 0.0001 0.0004 
      UNA088 0.0027 0.0166 0.0003 0.0020 0.2450 0.7320 0.0002 0.0014 
      UNA110 0.0005 0.0136 0.0001 0.0004 0.2808 0.7041 0.0001 0.0003 
      UNA124 0.0012 0.0024 0.0003 0.0009 0.2637 0.7308 0.0002 0.0006 
       WM281 0.1160 0.0079 0.0017 0.0255 0.0070 0.8011 0.0011 0.0396 
       WM293 0.1641 0.0270 0.0003 0.0029 0.0011 0.7651 0.0004 0.0391 
