0.104130 0.103435 0.100634 0.111506 0.115835 0.087798 0.106695 0.120604 0.105848 0.116413 0.116709 0.108882 0.104180 0.117171 0.100243 0.101272 0.119471 0.116896 0.116433 0.117404 0.108470 0.109008 0.108159 0.104919 0.103553 0.105596 0.092135 0.112725 0.111056 0.110888 0.114277 0.098654 0.108981 0.119088
0.103435 0.096292 0.095102 0.111530 0.108963 0.082254 0.106997 0.114637 0.104725 0.109543 0.109577 0.102475 0.099007 0.109465 0.093590 0.094846 0.112884 0.112714 0.111079 0.110533 0.101265 0.101157 0.100850 0.098137 0.095615 0.100364 0.085461 0.110025 0.104944 0.103506 0.111137 0.096829 0.102242 0.112076
0.100634 0.095102 0.088515 0.106166 0.103487 0.076941 0.103714 0.106416 0.101016 0.106055 0.103696 0.099933 0.094990 0.106056 0.091255 0.091365 0.105491 0.109097 0.104690 0.106901 0.099761 0.098231 0.096357 0.094514 0.091873 0.093707 0.078443 0.106958 0.099401 0.097313 0.108439 0.095019 0.099081 0.105034
0.111506 0.111530 0.106166 0.118480 0.124079 0.091770 0.114202 0.128641 0.113402 0.124109 0.124126 0.117375 0.111243 0.125170 0.106494 0.107327 0.126898 0.124019 0.124458 0.125439 0.115723 0.115543 0.115530 0.110925 0.111164 0.113453 0.098226 0.119630 0.118957 0.119540 0.120312 0.105203 0.115785 0.126848
0.115835 0.108963 0.103487 0.124079 0.115110 0.098774 0.118793 0.123039 0.117399 0.121241 0.118692 0.114914 0.109292 0.119469 0.105557 0.098006 0.123315 0.123876 0.121975 0.121550 0.113452 0.109484 0.109426 0.105160 0.105535 0.108474 0.096721 0.122214 0.113406 0.111059 0.122928 0.108082 0.111267 0.120785
0.087798 0.082254 0.076941 0.091770 0.098774     -nan 0.087626 0.099878 0.090303 0.096969 0.095637 0.092461 0.084748 0.095033 0.077069 0.078760 0.099151 0.096827 0.096285 0.096572 0.087842 0.089913 0.088971 0.083772 0.084768 0.079743 0.073909 0.098513 0.085745 0.092428 0.090375 0.084393 0.092328 0.094624
0.106695 0.106997 0.103714 0.114202 0.118793 0.087626 0.109487 0.123741 0.109153 0.119759 0.119303 0.112287 0.107337 0.120035 0.103678 0.102364 0.122234 0.119862 0.120058 0.120516 0.111885 0.111201 0.110071 0.107868 0.106042 0.108650 0.097050 0.114223 0.113961 0.113429 0.117039 0.100583 0.113056 0.121204
0.120604 0.114637 0.106416 0.128641 0.123039 0.099878 0.123741 0.100041 0.122208 0.127532 0.114714 0.120057 0.114378 0.122091 0.110068 0.105166 0.129967 0.130021 0.127744 0.127924 0.119414 0.113054 0.113617 0.110497 0.105532 0.115895 0.101844 0.127919 0.110137 0.120352 0.128856 0.115469 0.112239 0.109289
0.105848 0.104725 0.101016 0.113402 0.117399 0.090303 0.109153 0.122208 0.106579 0.118018 0.117501 0.111328 0.104976 0.118255 0.101181 0.102662 0.120421 0.117148 0.118369 0.118627 0.109446 0.109326 0.108681 0.106040 0.104176 0.107320 0.093105 0.113862 0.112489 0.112028 0.116018 0.100967 0.109916 0.120592
0.116413 0.109543 0.106055 0.124109 0.121241 0.096969 0.119759 0.127532 0.118018 0.122038 0.121436 0.115610 0.111546 0.123101 0.105462 0.107559 0.126388 0.125271 0.123256 0.123028 0.114895 0.114199 0.113779 0.111938 0.109172 0.112084 0.096086 0.123361 0.116788 0.116657 0.124698 0.110751 0.115601 0.126002
0.116709 0.109577 0.103696 0.124126 0.118692 0.095637 0.119303 0.114714 0.117501 0.121436 0.096649 0.114291 0.109147 0.117393 0.105323 0.100795 0.124733 0.125435 0.123220 0.122975 0.114753 0.108096 0.109289 0.105984 0.100367 0.111441 0.097122 0.122933 0.104532 0.114745 0.124997 0.109601 0.107519 0.113139
0.108882 0.102475 0.099933 0.117375 0.114914 0.092461 0.112287 0.120057 0.111328 0.115610 0.114291     -nan 0.103786 0.115990 0.099679 0.095367 0.118312 0.118196 0.116990 0.114375 0.107688 0.107819 0.106084 0.102878 0.102122 0.103904 0.092077 0.115269 0.110052 0.110414 0.117751 0.103014 0.107561 0.117301
0.104180 0.099007 0.094990 0.111243 0.109292 0.084748 0.107337 0.114378 0.104976 0.111546 0.109147 0.103786     -nan 0.110674 0.095311 0.094513 0.113462 0.113223 0.112360 0.112134 0.102714 0.101180 0.101478 0.098506 0.097402 0.100342 0.089863 0.110733 0.106612 0.104641 0.112985 0.098357 0.105223 0.112705
0.117171 0.109465 0.106056 0.125170 0.119469 0.095033 0.120035 0.122091 0.118255 0.123101 0.117393 0.115990 0.110674     -nan 0.106873 0.103989 0.126778 0.127372 0.124166 0.123474 0.114637 0.110674 0.110793 0.108748 0.105111 0.112928 0.100111 0.123414 0.111538 0.115765 0.125775 0.112459 0.110986 0.121163
0.100243 0.093590 0.091255 0.106494 0.105557 0.077069 0.103678 0.110068 0.101181 0.105462 0.105323 0.099679 0.095311 0.106873     -nan 0.088047 0.109836 0.109258 0.105272 0.105623 0.097821 0.097957 0.098274 0.094330 0.090886 0.096700 0.082645 0.106049 0.100780 0.100029 0.107007 0.093660 0.099466 0.109750
0.101272 0.094846 0.091365 0.107327 0.098006 0.078760 0.102364 0.105166 0.102662 0.107559 0.100795 0.095367 0.094513 0.103989 0.088047 0.088632 0.106946 0.109471 0.107666 0.106799 0.099071 0.096143 0.095922 0.090718 0.088014 0.094443 0.086698 0.105525 0.098112 0.095121 0.107817 0.097428 0.096128 0.103016
0.119471 0.112884 0.105491 0.126898 0.123315 0.099151 0.122234 0.129967 0.120421 0.126388 0.124733 0.118312 0.113462 0.126778 0.109836 0.106946 0.113814 0.128937 0.123400 0.125999 0.118040 0.117199 0.117314 0.113223 0.111206 0.107507 0.093440 0.126523 0.115329 0.117180 0.127465 0.112659 0.117093 0.127615
0.116896 0.112714 0.109097 0.124019 0.123876 0.096827 0.119862 0.130021 0.117148 0.125271 0.125435 0.118196 0.113223 0.127372 0.109258 0.109471 0.128937 0.121877 0.125498 0.125633 0.118295 0.117229 0.117944 0.114042 0.112157 0.114933 0.102403 0.122520 0.120566 0.119710 0.124677 0.110122 0.117691 0.127167
0.116433 0.111079 0.104690 0.124458 0.121975 0.096285 0.120058 0.127744 0.118369 0.123256 0.123220 0.116990 0.112360 0.124166 0.105272 0.107666 0.123400 0.125498     -nan 0.125037 0.116244 0.115502 0.114274 0.111708 0.109939 0.110869 0.094762 0.123866 0.118368 0.117260 0.123454 0.110458 0.115711 0.125551
0.117404 0.110533 0.106901 0.125439 0.121550 0.096572 0.120516 0.127924 0.118627 0.123028 0.122975 0.114375 0.112134 0.123474 0.105623 0.106799 0.125999 0.125633 0.125037     -nan 0.114828 0.114663 0.114106 0.110084 0.109915 0.112505 0.096695 0.124783 0.117884 0.117606 0.123255 0.109847 0.115994 0.124366
0.108470 0.101265 0.099761 0.115723 0.113452 0.087842 0.111885 0.119414 0.109446 0.114895 0.114753 0.107688 0.102714 0.114637 0.097821 0.099071 0.118040 0.118295 0.116244 0.114828 0.106620 0.106353 0.105738 0.103525 0.101495 0.104631 0.087776 0.113883 0.109182 0.109501 0.115943 0.102923 0.101617 0.116737
0.109008 0.101157 0.098231 0.115543 0.109484 0.089913 0.111201 0.113054 0.109326 0.114199 0.108096 0.107819 0.101180 0.110674 0.097957 0.096143 0.117199 0.117229 0.115502 0.114663 0.106353 0.100940 0.102412 0.099531 0.094427 0.103849 0.088885 0.114937 0.103310 0.106795 0.116021 0.101493 0.102315 0.111462
0.108159 0.100850 0.096357 0.115530 0.109426 0.088971 0.110071 0.113617 0.108681 0.113779 0.109289 0.106084 0.101478 0.110793 0.098274 0.095922 0.117314 0.117944 0.114274 0.114106 0.105738 0.102412     -nan 0.099274 0.096351 0.102195 0.084810 0.114813 0.104083 0.105786 0.116226 0.101325 0.103626 0.111677
0.104919 0.098137 0.094514 0.110925 0.105160 0.083772 0.107868 0.110497 0.106040 0.111938 0.105984 0.102878 0.098506 0.108748 0.094330 0.090718 0.113223 0.114042 0.111708 0.110084 0.103525 0.099531 0.099274 0.095270 0.094579 0.099790 0.086110 0.111537 0.102210 0.102544 0.112093 0.099675 0.100242 0.109392
0.103553 0.095615 0.091873 0.111164 0.105535 0.084768 0.106042 0.105532 0.104176 0.109172 0.100367 0.102122 0.097402 0.105111 0.090886 0.088014 0.111206 0.112157 0.109939 0.109915 0.101495 0.094427 0.096351 0.094579 0.088421 0.097277 0.079692 0.108581 0.095839 0.101027 0.110377 0.096286 0.094403 0.103365
0.105596 0.100364 0.093707 0.113453 0.108474 0.079743 0.108650 0.115895 0.107320 0.112084 0.111441 0.103904 0.100342 0.112928 0.096700 0.094443 0.107507 0.114933 0.110869 0.112505 0.104631 0.103849 0.102195 0.099790 0.097277 0.095178 0.083078 0.112255 0.105712 0.103068 0.114364 0.098904 0.103226 0.113863
0.092135 0.085461 0.078443 0.098226 0.096721 0.073909 0.097050 0.101844 0.093105 0.096086 0.097122 0.092077 0.089863 0.100111 0.082645 0.086698 0.093440 0.102403 0.094762 0.096695 0.087776 0.088885 0.084810 0.086110 0.079692 0.083078     -nan 0.097298 0.088257 0.088382 0.097462 0.084594 0.089643 0.100519
0.112725 0.110025 0.106958 0.119630 0.122214 0.098513 0.114223 0.127919 0.113862 0.123361 0.122933 0.115269 0.110733 0.123414 0.106049 0.105525 0.126523 0.122520 0.123866 0.124783 0.113883 0.114937 0.114813 0.111537 0.108581 0.112255 0.097298     -nan 0.117440 0.117277 0.119184 0.107094 0.105958 0.125739
0.111056 0.104944 0.099401 0.118957 0.113406 0.085745 0.113961 0.110137 0.112489 0.116788 0.104532 0.110052 0.106612 0.111538 0.100780 0.098112 0.115329 0.120566 0.118368 0.117884 0.109182 0.103310 0.104083 0.102210 0.095839 0.105712 0.088257 0.117440     -nan 0.110107 0.118125 0.105661 0.102396 0.108607
0.110888 0.103506 0.097313 0.119540 0.111059 0.092428 0.113429 0.120352 0.112028 0.116657 0.114745 0.110414 0.104641 0.115765 0.100029 0.095121 0.117180 0.119710 0.117260 0.117606 0.109501 0.106795 0.105786 0.102544 0.101027 0.103068 0.088382 0.117277 0.110107 0.105441 0.118067 0.104552 0.107510 0.117798
0.114277 0.111137 0.108439 0.120312 0.122928 0.090375 0.117039 0.128856 0.116018 0.124698 0.124997 0.117751 0.112985 0.125775 0.107007 0.107817 0.127465 0.124677 0.123454 0.123255 0.115943 0.116021 0.116226 0.112093 0.110377 0.114364 0.097462 0.119184 0.118125 0.118067     -nan 0.107769 0.116507 0.127156
0.098654 0.096829 0.095019 0.105203 0.108082 0.084393 0.100583 0.115469 0.100967 0.110751 0.109601 0.103014 0.098357 0.112459 0.093660 0.097428 0.112659 0.110122 0.110458 0.109847 0.102923 0.101493 0.101325 0.099675 0.096286 0.098904 0.084594 0.107094 0.105661 0.104552 0.107769     -nan 0.103287 0.112506
0.108981 0.102242 0.099081 0.115785 0.111267 0.092328 0.113056 0.112239 0.109916 0.115601 0.107519 0.107561 0.105223 0.110986 0.099466 0.096128 0.117093 0.117691 0.115711 0.115994 0.101617 0.102315 0.103626 0.100242 0.094403 0.103226 0.089643 0.105958 0.102396 0.107510 0.116507 0.103287     -nan 0.110755
0.119088 0.112076 0.105034 0.126848 0.120785 0.094624 0.121204 0.109289 0.120592 0.126002 0.113139 0.117301 0.112705 0.121163 0.109750 0.103016 0.127615 0.127167 0.125551 0.124366 0.116737 0.111462 0.111677 0.109392 0.103365 0.113863 0.100519 0.125739 0.108607 0.117798 0.127156 0.112506 0.110755 0.092865
