0.101563 0.102993 0.099946 0.108800 0.116442 0.094989 0.108554 0.117684 0.105980 0.116904 0.114397 0.109035 0.102914 0.119597 0.102050 0.098841 0.118080 0.117122 0.116349 0.119324 0.109150 0.107381 0.105611 0.105616 0.102149 0.106030 0.099395 0.113147 0.110509 0.109968 0.110766 0.097865 0.108773 0.119460
0.102993 0.094876 0.092703 0.108946 0.108711 0.091041 0.108397 0.109902 0.104627 0.108951 0.106622 0.101047 0.095657 0.111726 0.094304 0.091072 0.110928 0.112719 0.112297 0.111355 0.101160 0.099566 0.097654 0.097834 0.094344 0.098876 0.092248 0.110344 0.102718 0.102577 0.107814 0.097564 0.100973 0.111685
0.099946 0.092703 0.085676 0.105900 0.105450 0.087748 0.105351 0.106826 0.101590 0.106623 0.103520 0.098740 0.092603 0.108972 0.091849 0.087949 0.105853 0.109671 0.108950 0.108977 0.098850 0.096609 0.095079 0.094743 0.091349 0.093807 0.087161 0.107370 0.099675 0.098119 0.104622 0.094516 0.097960 0.108585
0.108800 0.108946 0.105900 0.113765 0.122395 0.100942 0.114487 0.123637 0.111934 0.122857 0.120350 0.114988 0.108867 0.125550 0.108003 0.104794 0.124033 0.123075 0.122302 0.125277 0.115103 0.113334 0.111564 0.111569 0.108102 0.111983 0.105349 0.119100 0.116463 0.115921 0.116718 0.103811 0.114726 0.125413
0.116442 0.108711 0.105450 0.122395 0.115559 0.104397 0.121846 0.119016 0.118080 0.122660 0.115616 0.114697 0.109133 0.122702 0.107976 0.099850 0.123099 0.126169 0.125631 0.124583 0.114774 0.109317 0.109676 0.106972 0.103869 0.111038 0.104439 0.123820 0.111989 0.113972 0.121208 0.111012 0.110390 0.120746
0.094989 0.091041 0.087748 0.100942 0.104397 0.081322 0.100392 0.105656 0.096682 0.104954 0.102366 0.097083 0.090753 0.107601 0.090105 0.086809 0.105837 0.104975 0.102869 0.107365 0.097197 0.095365 0.093627 0.093586 0.090129 0.093789 0.087152 0.102805 0.098485 0.097816 0.098867 0.089550 0.096751 0.107430
0.108554 0.108397 0.105351 0.114487 0.121846 0.100392 0.113765 0.123088 0.111390 0.122309 0.119801 0.114439 0.108318 0.125001 0.107454 0.104245 0.123484 0.122526 0.121752 0.124728 0.114555 0.112785 0.111015 0.111020 0.107553 0.111434 0.104800 0.118553 0.115914 0.115373 0.116165 0.103208 0.114177 0.124864
0.117684 0.109902 0.106826 0.123637 0.119016 0.105656 0.123088 0.094545 0.119322 0.123852 0.109018 0.115872 0.110372 0.123499 0.109179 0.100877 0.124523 0.127411 0.126894 0.125625 0.115954 0.109282 0.110873 0.108297 0.103419 0.112477 0.105875 0.125058 0.106539 0.115701 0.122460 0.112255 0.110397 0.111050
0.105980 0.104627 0.101590 0.111934 0.118080 0.096682 0.111390 0.119322 0.107083 0.118539 0.116034 0.110670 0.104556 0.121233 0.103684 0.100479 0.119725 0.118771 0.118046 0.120959 0.110785 0.109018 0.107247 0.107253 0.103786 0.107675 0.101041 0.114711 0.112147 0.111610 0.112553 0.100581 0.110410 0.121097
0.116904 0.108951 0.106623 0.122857 0.122660 0.104954 0.122309 0.123852 0.118539 0.122735 0.120572 0.114973 0.109571 0.125670 0.108214 0.105022 0.124852 0.126631 0.126210 0.125282 0.115091 0.113514 0.111658 0.111789 0.108293 0.112800 0.106171 0.124255 0.116667 0.116507 0.121726 0.111475 0.114922 0.125635
0.114397 0.106622 0.103520 0.120350 0.115616 0.102366 0.119801 0.109018 0.116034 0.120572 0.096021 0.112596 0.107085 0.120285 0.105897 0.097452 0.121195 0.124124 0.123603 0.122391 0.112675 0.106383 0.107564 0.104914 0.100706 0.109152 0.102550 0.121771 0.106196 0.112371 0.119171 0.108967 0.107459 0.110148
0.109035 0.101047 0.098740 0.114988 0.114697 0.097083 0.114439 0.115872 0.110670 0.114973 0.112596 0.106719 0.101701 0.117654 0.100349 0.097051 0.116959 0.118762 0.118338 0.117211 0.107153 0.105510 0.103724 0.103823 0.100299 0.104906 0.098278 0.116386 0.108682 0.108602 0.113856 0.103606 0.106933 0.117657
0.102914 0.095657 0.092603 0.108867 0.109133 0.090753 0.108318 0.110372 0.104556 0.109571 0.107085 0.101701 0.093069 0.112275 0.094777 0.091530 0.110864 0.112560 0.111998 0.111991 0.101816 0.100065 0.098284 0.098303 0.094834 0.098814 0.092181 0.110329 0.103196 0.102685 0.107614 0.097483 0.101458 0.112148
0.119597 0.111726 0.108972 0.125550 0.122702 0.107601 0.125001 0.123499 0.121233 0.125670 0.120285 0.117654 0.112275 0.121543 0.111016 0.104817 0.126899 0.129324 0.128846 0.127635 0.117738 0.112937 0.113180 0.111795 0.107725 0.114844 0.108233 0.126961 0.116227 0.118242 0.124392 0.114168 0.114386 0.125327
0.102050 0.094304 0.091849 0.108003 0.107976 0.090105 0.107454 0.109179 0.103684 0.108214 0.105897 0.100349 0.094777 0.111016 0.093069 0.090346 0.110087 0.111743 0.111364 0.110654 0.100465 0.098847 0.096999 0.097113 0.093624 0.098035 0.091406 0.109402 0.101996 0.101760 0.106875 0.096621 0.100252 0.110960
0.098841 0.091072 0.087949 0.104794 0.099850 0.086809 0.104245 0.100877 0.100479 0.105022 0.097452 0.097051 0.091530 0.104817 0.090346 0.081112 0.105633 0.108568 0.108045 0.106895 0.097126 0.091281 0.091965 0.089186 0.085808 0.093571 0.086978 0.106216 0.093881 0.096754 0.103614 0.093412 0.092319 0.102595
0.118080 0.110928 0.105853 0.124033 0.123099 0.105837 0.123484 0.124523 0.119725 0.124852 0.121195 0.116959 0.110864 0.126899 0.110087 0.105633 0.116644 0.127810 0.127023 0.127150 0.117064 0.114402 0.113104 0.112472 0.109117 0.109221 0.101992 0.125516 0.117405 0.115403 0.122729 0.112649 0.115717 0.126252
0.117122 0.112719 0.109671 0.123075 0.126169 0.104975 0.122526 0.127411 0.118771 0.126631 0.124124 0.118762 0.112560 0.129324 0.111743 0.108568 0.127810 0.122913 0.126373 0.129050 0.118877 0.117108 0.115338 0.115343 0.111876 0.115760 0.109126 0.124694 0.120236 0.119696 0.121821 0.111692 0.118500 0.129187
0.116349 0.112297 0.108950 0.122302 0.125631 0.102869 0.121752 0.126894 0.118046 0.126210 0.123603 0.118338 0.111998 0.128846 0.111364 0.108045 0.127023 0.126373 0.122399 0.128618 0.118453 0.116605 0.114875 0.114824 0.111369 0.114975 0.108338 0.124165 0.119723 0.119024 0.120134 0.110909 0.117990 0.128667
0.119324 0.111355 0.108977 0.125277 0.124583 0.107365 0.124728 0.125625 0.120959 0.125282 0.122391 0.117211 0.111991 0.127635 0.110654 0.106895 0.127150 0.129050 0.128618 0.106719 0.117457 0.114974 0.113868 0.113720 0.109904 0.115097 0.108472 0.126677 0.118378 0.118747 0.124140 0.113895 0.116596 0.127435
0.109150 0.101160 0.098850 0.115103 0.114774 0.097197 0.114555 0.115954 0.110785 0.115091 0.112675 0.107153 0.101816 0.117738 0.100465 0.097126 0.117064 0.118877 0.118453 0.117457 0.106966 0.105616 0.103783 0.103893 0.100393 0.105011 0.098384 0.116501 0.108769 0.108702 0.113971 0.103721 0.107022 0.117738
0.107381 0.099566 0.096609 0.113334 0.109317 0.095365 0.112785 0.109282 0.109018 0.113514 0.106383 0.105510 0.100065 0.112937 0.098847 0.091281 0.114402 0.117108 0.116605 0.114974 0.105616 0.096326 0.100718 0.098532 0.092376 0.102346 0.095742 0.114751 0.101580 0.105620 0.112164 0.101952 0.099536 0.111292
0.105611 0.097654 0.095079 0.111564 0.109676 0.093627 0.111015 0.110873 0.107247 0.111658 0.107564 0.103724 0.098284 0.113180 0.096999 0.091965 0.113104 0.115338 0.114875 0.113868 0.103783 0.100718 0.094876 0.098492 0.095417 0.101049 0.094431 0.112971 0.103726 0.104497 0.110413 0.100182 0.102008 0.112644
0.105616 0.097834 0.094743 0.111569 0.106972 0.093586 0.111020 0.108297 0.107253 0.111789 0.104914 0.103823 0.098303 0.111795 0.097113 0.089186 0.112472 0.115343 0.114824 0.113720 0.103893 0.098532 0.098492 0.094876 0.093095 0.100413 0.093812 0.112989 0.101247 0.103539 0.110391 0.100186 0.099620 0.110036
0.102149 0.094344 0.091349 0.108102 0.103869 0.090129 0.107553 0.103419 0.103786 0.108293 0.100706 0.100299 0.094834 0.107725 0.093624 0.085808 0.109117 0.111876 0.111369 0.109904 0.100393 0.092376 0.095417 0.093095 0.085816 0.097061 0.090459 0.109520 0.095459 0.100311 0.106930 0.096719 0.093718 0.105534
0.106030 0.098876 0.093807 0.111983 0.111038 0.093789 0.111434 0.112477 0.107675 0.112800 0.109152 0.104906 0.098814 0.114844 0.098035 0.093571 0.109221 0.115760 0.114975 0.115097 0.105011 0.102346 0.101049 0.100413 0.097061 0.095054 0.090484 0.113466 0.105353 0.103328 0.110680 0.100599 0.103660 0.114217
0.099395 0.092248 0.087161 0.105349 0.104439 0.087152 0.104800 0.105875 0.101041 0.106171 0.102550 0.098278 0.092181 0.108233 0.091406 0.086978 0.101992 0.109126 0.108338 0.108472 0.098384 0.095742 0.094431 0.093812 0.090459 0.090484 0.083233 0.106832 0.098751 0.096712 0.104044 0.093965 0.097059 0.107612
0.113147 0.110344 0.107370 0.119100 0.123820 0.102805 0.118553 0.125058 0.114711 0.124255 0.121771 0.116386 0.110329 0.126961 0.109402 0.106216 0.125516 0.124694 0.124165 0.126677 0.116501 0.114751 0.112971 0.112989 0.109520 0.113466 0.106832 0.119483 0.117882 0.117378 0.118918 0.107728 0.116144 0.126834
0.110509 0.102718 0.099675 0.116463 0.111989 0.098485 0.115914 0.106539 0.112147 0.116667 0.106196 0.108682 0.103196 0.116227 0.101996 0.093881 0.117405 0.120236 0.119723 0.118378 0.108769 0.101580 0.103726 0.101247 0.095459 0.105353 0.098751 0.117882 0.093770 0.108584 0.115287 0.105080 0.102755 0.109987
0.109968 0.102577 0.098119 0.115921 0.113972 0.097816 0.115373 0.115701 0.111610 0.116507 0.112371 0.108602 0.102685 0.118242 0.101760 0.096754 0.115403 0.119696 0.119024 0.118747 0.108702 0.105620 0.104497 0.103539 0.100311 0.103328 0.096712 0.117378 0.108584 0.104193 0.114670 0.104538 0.106899 0.117450
0.110766 0.107814 0.104622 0.116718 0.121208 0.098867 0.116165 0.122460 0.112553 0.121726 0.119171 0.113856 0.107614 0.124392 0.106875 0.103614 0.122729 0.121821 0.120134 0.124140 0.113971 0.112164 0.110413 0.110391 0.106930 0.110680 0.104044 0.118918 0.115287 0.114670 0.111123 0.105305 0.113552 0.124234
0.097865 0.097564 0.094516 0.103811 0.111012 0.089550 0.103208 0.112255 0.100581 0.111475 0.108967 0.103606 0.097483 0.114168 0.096621 0.093412 0.112649 0.111692 0.110909 0.113895 0.103721 0.101952 0.100182 0.100186 0.096719 0.100599 0.093965 0.107728 0.105080 0.104538 0.105305 0.092002 0.103343 0.114030
0.108773 0.100973 0.097960 0.114726 0.110390 0.096751 0.114177 0.110397 0.110410 0.114922 0.107459 0.106933 0.101458 0.114386 0.100252 0.092319 0.115717 0.118500 0.117990 0.116596 0.107022 0.099536 0.102008 0.099620 0.093718 0.103660 0.097059 0.116144 0.102755 0.106899 0.113552 0.103343 0.097715 0.112386
0.119460 0.111685 0.108585 0.125413 0.120746 0.107430 0.124864 0.111050 0.121097 0.125635 0.110148 0.117657 0.112148 0.125327 0.110960 0.102595 0.126252 0.129187 0.128667 0.127435 0.117738 0.111292 0.112644 0.110036 0.105534 0.114217 0.107612 0.126834 0.109987 0.117450 0.124234 0.114030 0.112386 0.096021
