      AMA340 0.0009 0.0014 0.9736 0.0241 
      AMA601 0.0016 0.0007 0.9360 0.0617 
      AMA656 0.0022 0.0013 0.9339 0.0626 
    AMANA034 0.0070 0.0037 0.6273 0.3620 
    AMANA137 0.0300 0.0023 0.5729 0.3948 
      AMZ551 0.0247 0.0942 0.4749 0.4062 
      AMZ610 0.0032 0.0574 0.5500 0.3895 
       B4615 0.0013 0.0010 0.9888 0.0089 
       B5082 0.0020 0.0013 0.9819 0.0147 
       BR033 0.0460 0.0298 0.2689 0.6553 
       BR036 0.0481 0.0028 0.2972 0.6519 
     BR36440 0.0067 0.0058 0.9535 0.0340 
      CAM117 0.0014 0.0020 0.9776 0.0191 
      CPE012 0.0629 0.9305 0.0033 0.0032 
      CPE025 0.0488 0.9344 0.0033 0.0135 
      CPE049 0.0533 0.9210 0.0070 0.0187 
      CPE069 0.0245 0.9639 0.0046 0.0069 
    CPEII008 0.0400 0.9531 0.0024 0.0045 
      CUJ027 0.0054 0.0011 0.9118 0.0817 
      CUJ072 0.0025 0.0007 0.9126 0.0841 
      FPR006 0.0009 0.0007 0.6489 0.3495 
      FPR015 0.0314 0.0041 0.5959 0.3686 
      FPR021 0.0029 0.0010 0.5479 0.4482 
    GAPTO259 0.7369 0.2407 0.0069 0.0155 
    GAPTO268 0.7497 0.2202 0.0053 0.0247 
    GAPTO277 0.5775 0.2364 0.0326 0.1535 
    GAPTO327 0.7249 0.2480 0.0096 0.0175 
      MAM010 0.0335 0.0015 0.6344 0.3305 
      MAR092 0.0043 0.0054 0.6482 0.3421 
       MF005 0.1320 0.0903 0.2619 0.5157 
     MPDS628 0.0221 0.0071 0.6338 0.3369 
      MSF107 0.0777 0.1527 0.2085 0.5611 
       MT087 0.0014 0.0008 0.5075 0.4904 
       MT123 0.0007 0.0004 0.4316 0.5674 
       OM022 0.0012 0.0011 0.8274 0.1703 
       OM112 0.0014 0.0007 0.8858 0.1120 
       OM172 0.0021 0.0013 0.8640 0.1327 
       OP100 0.0035 0.0012 0.6081 0.3871 
     PIME024 0.0026 0.0081 0.5447 0.4446 
     PIME062 0.0021 0.0007 0.5749 0.4224 
     PIME079 0.0015 0.0104 0.6648 0.3234 
     PIME134 0.1785 0.1277 0.2763 0.4174 
     PIME135 0.1569 0.1092 0.2473 0.4866 
     PIME169 0.0075 0.0014 0.5779 0.4132 
     PIME460 0.0022 0.0016 0.6563 0.3399 
     PIME482 0.0893 0.0638 0.3019 0.5449 
     PIME521 0.1499 0.0255 0.3098 0.5149 
     PIME522 0.0567 0.0871 0.3384 0.5178 
    PPBIO221 0.1927 0.1972 0.1956 0.4145 
    PPBIO305 0.1508 0.2310 0.1847 0.4335 
      PPS041 0.0044 0.0020 0.5336 0.4599 
      PPS174 0.0024 0.0136 0.2508 0.7332 
      PPS221 0.0026 0.0009 0.5114 0.4851 
      PPS352 0.0086 0.0078 0.5379 0.4456 
      PUC008 0.0014 0.0009 0.8789 0.1188 
      RDO007 0.2837 0.3211 0.0940 0.3012 
      TLP025 0.0062 0.0035 0.3827 0.6076 
      TLP123 0.0016 0.0008 0.3172 0.6804 
    UFAC1007 0.0024 0.0029 0.9527 0.0420 
     UFAC305 0.0006 0.0006 0.9164 0.0823 
     UFAC476 0.0016 0.0008 0.9634 0.0342 
      UHE442 0.1992 0.1831 0.2686 0.3491 
      UNA002 0.0070 0.9883 0.0025 0.0023 
      UNA018 0.0016 0.9941 0.0018 0.0025 
      UNA088 0.0242 0.9304 0.0127 0.0327 
      UNA110 0.0060 0.9895 0.0021 0.0024 
      UNA124 0.0027 0.9877 0.0043 0.0053 
       WM281 0.0618 0.1400 0.3730 0.4252 
       WM293 0.1573 0.1053 0.2601 0.4773 
