      AMA340 0.0015 0.0010 0.9975 
      AMA601 0.0039 0.0006 0.9955 
      AMA656 0.0043 0.0010 0.9947 
    AMANA034 0.0684 0.0045 0.9271 
    AMANA137 0.1627 0.0019 0.8353 
      AMZ551 0.1743 0.0915 0.7342 
      AMZ610 0.0757 0.0751 0.8493 
       B4615 0.0017 0.0007 0.9976 
       B5082 0.0027 0.0009 0.9963 
       BR033 0.3319 0.0292 0.6389 
       BR036 0.3260 0.0027 0.6713 
     BR36440 0.0106 0.0051 0.9844 
      CAM117 0.0019 0.0013 0.9968 
      CPE012 0.1132 0.8834 0.0033 
      CPE025 0.1315 0.8645 0.0040 
      CPE049 0.1407 0.8506 0.0087 
      CPE069 0.0746 0.9190 0.0064 
    CPEII008 0.0962 0.9009 0.0029 
      CUJ027 0.0073 0.0009 0.9917 
      CUJ072 0.0075 0.0007 0.9918 
      FPR006 0.0469 0.0009 0.9523 
      FPR015 0.1588 0.0040 0.8372 
      FPR021 0.1258 0.0010 0.8732 
    GAPTO259 0.7566 0.2385 0.0048 
    GAPTO268 0.7759 0.2204 0.0037 
    GAPTO277 0.6929 0.2413 0.0657 
    GAPTO327 0.7432 0.2508 0.0060 
      MAM010 0.1198 0.0015 0.8787 
      MAR092 0.1025 0.0071 0.8905 
       MF005 0.3574 0.0886 0.5540 
     MPDS628 0.1528 0.0049 0.8423 
      MSF107 0.3696 0.1031 0.5273 
       MT087 0.1117 0.0012 0.8871 
       MT123 0.0943 0.0005 0.9052 
       OM022 0.0113 0.0014 0.9873 
       OM112 0.0048 0.0007 0.9946 
       OM172 0.0078 0.0014 0.9908 
       OP100 0.0989 0.0015 0.8996 
     PIME024 0.1410 0.0151 0.8439 
     PIME062 0.1044 0.0007 0.8949 
     PIME079 0.0541 0.0240 0.9220 
     PIME134 0.3749 0.1187 0.5065 
     PIME135 0.4037 0.0996 0.4968 
     PIME169 0.1316 0.0014 0.8670 
     PIME460 0.0897 0.0019 0.9084 
     PIME482 0.3165 0.0644 0.6191 
     PIME521 0.3724 0.0195 0.6081 
     PIME522 0.2758 0.0807 0.6436 
    PPBIO221 0.3854 0.1855 0.4290 
    PPBIO305 0.3570 0.2154 0.4276 
      PPS041 0.1223 0.0029 0.8748 
      PPS174 0.2997 0.0182 0.6821 
      PPS221 0.1021 0.0012 0.8967 
      PPS352 0.1417 0.0089 0.8494 
      PUC008 0.0072 0.0008 0.9920 
      RDO007 0.4385 0.3060 0.2555 
      TLP025 0.2410 0.0041 0.7549 
      TLP123 0.2260 0.0010 0.7729 
    UFAC1007 0.0044 0.0021 0.9935 
     UFAC305 0.0017 0.0005 0.9978 
     UFAC476 0.0028 0.0006 0.9966 
      UHE442 0.3671 0.1749 0.4581 
      UNA002 0.0112 0.9857 0.0031 
      UNA018 0.0043 0.9933 0.0023 
      UNA088 0.0713 0.8962 0.0325 
      UNA110 0.0094 0.9877 0.0029 
      UNA124 0.0099 0.9804 0.0097 
       WM281 0.2496 0.1260 0.6244 
       WM293 0.3755 0.1018 0.5227 
