      AMA340 0.2105 0.0035 0.0002 0.0002 0.7856 
      AMA601 0.1933 0.0098 0.0005 0.0002 0.7963 
      AMA656 0.1799 0.0142 0.0003 0.0002 0.8053 
    AMANA034 0.0701 0.1113 0.0014 0.0005 0.8166 
    AMANA137 0.0560 0.1253 0.0039 0.0003 0.8145 
      AMZ551 0.0540 0.1753 0.0017 0.0082 0.7608 
      AMZ610 0.0447 0.1582 0.0005 0.0027 0.7938 
       B4615 0.2121 0.0022 0.0002 0.0002 0.7853 
       B5082 0.1977 0.0041 0.0004 0.0002 0.7977 
       BR033 0.0012 0.2336 0.0020 0.0005 0.7628 
       BR036 0.0020 0.2225 0.0050 0.0002 0.7703 
     BR36440 0.1797 0.0100 0.0012 0.0012 0.8079 
      CAM117 0.2230 0.0030 0.0003 0.0002 0.7735 
      CPE012 0.0005 0.0015 0.0391 0.2558 0.7031 
      CPE025 0.0005 0.0049 0.0395 0.2437 0.7115 
      CPE049 0.0007 0.0037 0.0343 0.2211 0.7402 
      CPE069 0.0008 0.0075 0.0291 0.2563 0.7063 
    CPEII008 0.0005 0.0022 0.0341 0.2578 0.7054 
      CUJ027 0.1952 0.0177 0.0005 0.0002 0.7864 
      CUJ072 0.1775 0.0209 0.0005 0.0001 0.8010 
      FPR006 0.1188 0.1095 0.0003 0.0001 0.7713 
      FPR015 0.0781 0.1184 0.0021 0.0003 0.8010 
      FPR021 0.0716 0.1552 0.0003 0.0001 0.7728 
    GAPTO259 0.0011 0.0127 0.1965 0.0520 0.7377 
    GAPTO268 0.0009 0.0071 0.2090 0.0457 0.7373 
    GAPTO277 0.0009 0.0247 0.1392 0.0441 0.7911 
    GAPTO327 0.0012 0.0117 0.1936 0.0527 0.7408 
      MAM010 0.0916 0.1110 0.0015 0.0002 0.7957 
      MAR092 0.0786 0.1090 0.0007 0.0005 0.8113 
       MF005 0.0026 0.2009 0.0281 0.0044 0.7639 
     MPDS628 0.0599 0.1128 0.0018 0.0007 0.8248 
      MSF107 0.0030 0.1623 0.0042 0.0169 0.8137 
       MT087 0.0504 0.1884 0.0002 0.0001 0.7609 
       MT123 0.0257 0.2086 0.0002 0.0001 0.7655 
       OM022 0.1912 0.0388 0.0002 0.0002 0.7696 
       OM112 0.2043 0.0272 0.0003 0.0001 0.7681 
       OM172 0.1861 0.0260 0.0004 0.0002 0.7873 
       OP100 0.1094 0.1301 0.0006 0.0002 0.7598 
     PIME024 0.0581 0.1613 0.0004 0.0004 0.7798 
     PIME062 0.0694 0.1427 0.0003 0.0001 0.7874 
     PIME079 0.0828 0.0993 0.0003 0.0007 0.8169 
     PIME134 0.0028 0.1436 0.0465 0.0200 0.7871 
     PIME135 0.0013 0.1702 0.0348 0.0158 0.7779 
     PIME169 0.0725 0.1344 0.0006 0.0002 0.7923 
     PIME460 0.0877 0.1284 0.0004 0.0002 0.7834 
     PIME482 0.0025 0.1843 0.0150 0.0038 0.7944 
     PIME521 0.0036 0.1589 0.0319 0.0011 0.8045 
     PIME522 0.0039 0.1991 0.0076 0.0049 0.7846 
    PPBIO221 0.0014 0.1082 0.0504 0.0386 0.8014 
    PPBIO305 0.0011 0.1308 0.0378 0.0444 0.7859 
      PPS041 0.0383 0.1636 0.0005 0.0002 0.7974 
      PPS174 0.0008 0.1905 0.0003 0.0007 0.8077 
      PPS221 0.0298 0.1590 0.0003 0.0002 0.8107 
      PPS352 0.0461 0.1426 0.0023 0.0015 0.8076 
      PUC008 0.1795 0.0338 0.0003 0.0002 0.7863 
      RDO007 0.0010 0.0849 0.0767 0.0723 0.7651 
      TLP025 0.0054 0.2038 0.0005 0.0002 0.7901 
      TLP123 0.0031 0.2205 0.0003 0.0001 0.7759 
    UFAC1007 0.1801 0.0057 0.0004 0.0004 0.8135 
     UFAC305 0.1934 0.0173 0.0002 0.0001 0.7890 
     UFAC476 0.1829 0.0031 0.0003 0.0002 0.8135 
      UHE442 0.0084 0.1522 0.0519 0.0336 0.7540 
      UNA002 0.0004 0.0010 0.0151 0.2668 0.7167 
      UNA018 0.0003 0.0011 0.0093 0.2825 0.7068 
      UNA088 0.0009 0.0043 0.0211 0.2373 0.7364 
      UNA110 0.0003 0.0008 0.0171 0.2732 0.7086 
      UNA124 0.0005 0.0021 0.0054 0.2570 0.7350 
       WM281 0.0104 0.1550 0.0143 0.0159 0.8044 
       WM293 0.0024 0.1789 0.0400 0.0089 0.7697 
