0.103916 0.096642 0.102427 0.100353 0.112605 0.115241 0.115087 0.093462 0.113199 0.119099 0.107708 0.105014 0.116040 0.115621 0.109756 0.104074 0.116189 0.100282 0.100745 0.118575 0.116494 0.115109 0.116459 0.109707 0.108897 0.114266 0.107947 0.105237 0.103194 0.098421 0.108196 0.113136 0.110837 0.110657 0.097975 0.113789 0.097840 0.109341 0.121419
0.096642 0.081596 0.087636 0.086844 0.104895 0.101039 0.100902 0.082220 0.105195 0.104791 0.098868 0.096624 0.101178 0.101330 0.094885 0.090743 0.101704 0.086661 0.086569 0.105116 0.104348 0.103521 0.101642 0.094802 0.094544 0.099378 0.093611 0.091013 0.088870 0.084945 0.094580 0.102409 0.096530 0.096833 0.089880 0.103162 0.089607 0.095021 0.107111
0.102427 0.087636 0.092911 0.092613 0.110680 0.106824 0.106686 0.088001 0.110980 0.110596 0.104653 0.102409 0.107091 0.107134 0.100810 0.096517 0.107543 0.092444 0.092354 0.110889 0.110131 0.109301 0.107554 0.100745 0.100356 0.105185 0.099354 0.096798 0.094677 0.090718 0.100355 0.108199 0.102335 0.102604 0.095665 0.108944 0.095392 0.100827 0.112916
0.100353 0.086844 0.092613 0.086355 0.108603 0.104181 0.103994 0.085697 0.108899 0.108245 0.102608 0.100340 0.106252 0.104739 0.099930 0.094493 0.105635 0.091020 0.089642 0.106483 0.108198 0.106773 0.106533 0.099886 0.098123 0.104463 0.097187 0.094223 0.092369 0.086318 0.096267 0.106370 0.099982 0.098732 0.093582 0.106713 0.093305 0.098509 0.110565
0.112605 0.104895 0.110680 0.108603 0.119861 0.123493 0.123339 0.101708 0.121254 0.127351 0.115999 0.113300 0.124294 0.123873 0.118009 0.112325 0.124442 0.108536 0.108998 0.126826 0.124745 0.123355 0.124712 0.117960 0.117150 0.122519 0.116199 0.113490 0.111447 0.106672 0.116447 0.121406 0.119089 0.118909 0.106066 0.122030 0.105975 0.117594 0.129671
0.115241 0.101039 0.106824 0.104181 0.123493 0.114672 0.114959 0.100708 0.123791 0.119780 0.117480 0.115225 0.120445 0.116297 0.114032 0.109353 0.117864 0.105560 0.100601 0.122058 0.123010 0.121906 0.120379 0.114008 0.109755 0.118669 0.109097 0.105211 0.103903 0.101847 0.110973 0.121127 0.111516 0.113023 0.108475 0.121685 0.108200 0.110021 0.122100
0.115087 0.100902 0.106686 0.103994 0.123339 0.114959 0.114021 0.100552 0.123637 0.119792 0.117327 0.115072 0.120309 0.116309 0.113900 0.109200 0.117838 0.105414 0.100583 0.121880 0.122859 0.121748 0.120259 0.113875 0.109757 0.118532 0.109017 0.105186 0.103913 0.101667 0.110809 0.120976 0.111528 0.112782 0.108321 0.121530 0.108047 0.110032 0.122112
0.093462 0.082220 0.088001 0.085697 0.101708 0.100708 0.100552 0.077663 0.101993 0.104584 0.095779 0.093461 0.101620 0.101103 0.095332 0.089478 0.101703 0.085873 0.086208 0.103906 0.102040 0.099944 0.102026 0.095283 0.094390 0.099842 0.093442 0.090709 0.088682 0.083755 0.093558 0.100013 0.096322 0.096058 0.086671 0.099421 0.086386 0.094829 0.106904
0.113199 0.105195 0.110980 0.108899 0.121254 0.123791 0.123637 0.101993 0.120194 0.127649 0.116374 0.113680 0.124594 0.124171 0.118309 0.112621 0.124740 0.108835 0.109295 0.127121 0.125042 0.123641 0.125012 0.118260 0.117448 0.122819 0.116498 0.113788 0.111745 0.106967 0.116743 0.121738 0.119387 0.119206 0.105681 0.122304 0.105927 0.117892 0.129969
0.119099 0.104791 0.110596 0.108245 0.127351 0.119780 0.119792 0.104584 0.127649 0.104020 0.121336 0.119083 0.124190 0.113832 0.117729 0.113210 0.121098 0.109373 0.105397 0.126077 0.126859 0.125795 0.123920 0.117731 0.112063 0.122430 0.113294 0.109727 0.104143 0.105922 0.115167 0.124967 0.108372 0.117332 0.112334 0.125556 0.112059 0.110397 0.106340
0.107708 0.098868 0.104653 0.102608 0.115999 0.117480 0.117327 0.095779 0.116374 0.121336 0.107460 0.107545 0.118266 0.117859 0.111982 0.106324 0.118423 0.102512 0.102986 0.120832 0.118741 0.117419 0.118687 0.111933 0.111134 0.116492 0.110183 0.107477 0.105432 0.100677 0.110449 0.115164 0.113074 0.112906 0.101092 0.116166 0.100875 0.111579 0.123657
0.105014 0.096624 0.102409 0.100340 0.113300 0.115225 0.115072 0.093461 0.113680 0.119083 0.107545 0.104006 0.116023 0.115605 0.109739 0.104060 0.116173 0.100265 0.100730 0.118563 0.116478 0.115107 0.116442 0.109689 0.108882 0.114248 0.107931 0.105222 0.103179 0.098408 0.108183 0.113089 0.110821 0.110644 0.098405 0.113802 0.098199 0.109326 0.121403
0.116040 0.101178 0.107091 0.106252 0.124294 0.120445 0.120309 0.101620 0.124594 0.124190 0.118266 0.116023 0.120354 0.120730 0.114218 0.110147 0.121108 0.106062 0.105975 0.124523 0.123748 0.122924 0.120980 0.114185 0.113941 0.118868 0.113028 0.110420 0.108269 0.104352 0.113988 0.121804 0.115929 0.116241 0.109279 0.122562 0.109006 0.114420 0.126511
0.115621 0.101330 0.107134 0.104739 0.123873 0.116297 0.116309 0.101103 0.124171 0.113832 0.117859 0.115605 0.120730 0.096829 0.114273 0.109733 0.117688 0.105904 0.101906 0.122496 0.123383 0.122310 0.120477 0.114273 0.108729 0.118969 0.109829 0.106255 0.101039 0.102368 0.111619 0.121492 0.105433 0.113832 0.108855 0.122075 0.108581 0.107216 0.116152
0.109756 0.094885 0.100810 0.099930 0.118009 0.114032 0.113900 0.095332 0.118309 0.117729 0.111982 0.109739 0.114218 0.114273 0.107027 0.103862 0.114669 0.099785 0.099564 0.118189 0.117465 0.116632 0.114128 0.107769 0.107461 0.112585 0.106645 0.104004 0.101802 0.098018 0.107639 0.115524 0.109468 0.109889 0.102994 0.116275 0.102721 0.107955 0.120049
0.104074 0.090743 0.096517 0.094493 0.112325 0.109353 0.109200 0.089478 0.112621 0.113210 0.106324 0.104060 0.110147 0.109733 0.103862 0.093604 0.110294 0.094473 0.094860 0.112793 0.111647 0.110734 0.110561 0.103811 0.103006 0.108362 0.102050 0.099348 0.097305 0.092633 0.102387 0.110080 0.104948 0.104787 0.097304 0.110474 0.097029 0.103452 0.115530
0.116189 0.101704 0.107543 0.105635 0.124442 0.117864 0.117838 0.101703 0.124740 0.121098 0.118423 0.116173 0.121108 0.117688 0.114669 0.110294 0.108060 0.106387 0.103470 0.123674 0.123933 0.122937 0.121090 0.114473 0.110751 0.119359 0.110871 0.107776 0.105142 0.103490 0.112850 0.122027 0.112838 0.114902 0.109425 0.122666 0.109151 0.111289 0.123418
0.100282 0.086661 0.092444 0.091020 0.108536 0.105560 0.105414 0.085873 0.108835 0.109373 0.102512 0.100265 0.106062 0.105904 0.099785 0.094473 0.106387 0.087626 0.091078 0.109300 0.107670 0.107229 0.106512 0.099734 0.099151 0.104283 0.098192 0.095546 0.093461 0.089135 0.098834 0.106124 0.101111 0.101160 0.093520 0.106803 0.093247 0.099609 0.111693
0.100745 0.086569 0.092354 0.089642 0.108998 0.100601 0.100583 0.086208 0.109295 0.105397 0.102986 0.100730 0.105975 0.101906 0.099564 0.094860 0.103470 0.091078 0.084117 0.107465 0.108518 0.107401 0.105921 0.099541 0.095377 0.104199 0.094727 0.090889 0.089525 0.087245 0.096213 0.106636 0.097133 0.098475 0.093979 0.107187 0.093705 0.095643 0.107717
0.118575 0.105116 0.110889 0.106483 0.126826 0.122058 0.121880 0.103906 0.127121 0.126077 0.120832 0.118563 0.124523 0.122496 0.118189 0.112793 0.123674 0.109300 0.107465 0.115282 0.126444 0.124952 0.124754 0.118148 0.116064 0.122737 0.115200 0.112123 0.110261 0.101194 0.111914 0.124605 0.117813 0.116816 0.111804 0.124927 0.111528 0.116399 0.128398
0.116494 0.104348 0.110131 0.108198 0.124745 0.123010 0.122859 0.102040 0.125042 0.126859 0.118741 0.116478 0.123748 0.123383 0.117465 0.111647 0.123933 0.107670 0.108518 0.126444 0.120492 0.123531 0.124173 0.117415 0.116653 0.121971 0.115701 0.113005 0.110953 0.106287 0.116043 0.122605 0.118598 0.118468 0.109725 0.122960 0.109450 0.117101 0.129180
0.115109 0.103521 0.109301 0.106773 0.123355 0.121906 0.121748 0.099944 0.123641 0.125795 0.117419 0.115107 0.122924 0.122310 0.116632 0.110734 0.122937 0.107229 0.107401 0.124952 0.123531 0.117216 0.123313 0.116583 0.115608 0.121143 0.114662 0.111910 0.109896 0.104805 0.114633 0.121579 0.117533 0.117202 0.108320 0.121134 0.108036 0.116042 0.128115
0.116459 0.101642 0.107554 0.106533 0.124712 0.120379 0.120259 0.102026 0.125012 0.123920 0.118687 0.116442 0.120980 0.120477 0.114128 0.110561 0.121090 0.106512 0.105921 0.124754 0.124173 0.123313 0.116489 0.114535 0.113622 0.119334 0.113109 0.110349 0.107976 0.104580 0.114163 0.122237 0.115660 0.116408 0.109697 0.122972 0.109424 0.114139 0.126240
0.109707 0.094802 0.100745 0.099886 0.117960 0.114008 0.113875 0.095283 0.118260 0.117731 0.111933 0.109689 0.114185 0.114273 0.107769 0.103811 0.114473 0.099734 0.099541 0.118148 0.117415 0.116583 0.114535 0.106620 0.107474 0.112512 0.106608 0.103981 0.101807 0.097977 0.107601 0.115475 0.109469 0.109851 0.102945 0.116226 0.102672 0.107959 0.120051
0.108897 0.094544 0.100356 0.098123 0.117150 0.109755 0.109757 0.094390 0.117448 0.112063 0.111134 0.108882 0.113941 0.108729 0.107461 0.103006 0.110751 0.099151 0.095377 0.116064 0.116653 0.115608 0.113622 0.107474 0.100469 0.112187 0.103181 0.099682 0.096003 0.095877 0.105131 0.114757 0.103808 0.107238 0.102132 0.115359 0.101858 0.102204 0.114384
0.114266 0.099378 0.105185 0.104463 0.122519 0.118669 0.118532 0.099842 0.122819 0.122430 0.116492 0.114248 0.118868 0.118969 0.112585 0.108362 0.119359 0.104283 0.104199 0.122737 0.121971 0.121143 0.119334 0.112512 0.112187 0.116810 0.111227 0.108643 0.106510 0.102567 0.112203 0.120035 0.114169 0.114455 0.107504 0.120785 0.107231 0.112661 0.124751
0.107947 0.093611 0.099354 0.097187 0.116199 0.109097 0.109017 0.093442 0.116498 0.113294 0.110183 0.107931 0.113028 0.109829 0.106645 0.102050 0.110871 0.098192 0.094727 0.115200 0.115701 0.114662 0.113109 0.106608 0.103181 0.111227 0.094460 0.098824 0.097394 0.095006 0.104309 0.113807 0.105031 0.106291 0.101182 0.114410 0.100908 0.103523 0.115614
0.105237 0.091013 0.096798 0.094223 0.113490 0.105211 0.105186 0.090709 0.113788 0.109727 0.107477 0.105222 0.110420 0.106255 0.104004 0.099348 0.107776 0.095546 0.090889 0.112123 0.113005 0.111910 0.110349 0.103981 0.099682 0.108643 0.098824 0.094434 0.093841 0.091916 0.101076 0.111120 0.101463 0.103113 0.098472 0.111685 0.098197 0.099960 0.112047
0.103194 0.088870 0.094677 0.092369 0.111447 0.103903 0.103913 0.088682 0.111745 0.104143 0.105432 0.103179 0.108269 0.101039 0.101802 0.097305 0.105142 0.093461 0.089525 0.110261 0.110953 0.109896 0.107976 0.101807 0.096003 0.106510 0.097394 0.093841 0.086463 0.090085 0.099327 0.109059 0.095923 0.101456 0.096429 0.109653 0.096155 0.094648 0.106463
0.098421 0.084945 0.090718 0.086318 0.106672 0.101847 0.101667 0.083755 0.106967 0.105922 0.100677 0.098408 0.104352 0.102368 0.098018 0.092633 0.103490 0.089135 0.087245 0.101194 0.106287 0.104805 0.104580 0.097977 0.095877 0.102567 0.095006 0.091916 0.090085 0.079606 0.091202 0.104447 0.097658 0.096588 0.091650 0.104775 0.091373 0.096222 0.108242
0.108196 0.094580 0.100355 0.096267 0.116447 0.110973 0.110809 0.093558 0.116743 0.115167 0.110449 0.108183 0.113988 0.111619 0.107639 0.102387 0.112850 0.098834 0.096213 0.111914 0.116043 0.114633 0.114163 0.107601 0.105131 0.112203 0.104309 0.101076 0.099327 0.091202 0.086020 0.114196 0.106903 0.106175 0.101426 0.114569 0.101150 0.105461 0.117487
0.113136 0.102409 0.108199 0.106370 0.121406 0.121127 0.120976 0.100013 0.121738 0.124967 0.115164 0.113089 0.121804 0.121492 0.115524 0.110080 0.122027 0.106124 0.106636 0.124605 0.122605 0.121579 0.122237 0.115475 0.114757 0.120035 0.113807 0.111120 0.109059 0.104447 0.114196 0.111223 0.116705 0.116614 0.106437 0.120600 0.106187 0.115207 0.127287
0.110837 0.096530 0.102335 0.099982 0.119089 0.111516 0.111528 0.096322 0.119387 0.108372 0.113074 0.110821 0.115929 0.105433 0.109468 0.104948 0.112838 0.101111 0.097133 0.117813 0.118598 0.117533 0.115660 0.109469 0.103808 0.114169 0.105031 0.101463 0.095923 0.097658 0.106903 0.116705 0.098083 0.109069 0.104072 0.117294 0.103797 0.102140 0.110692
0.110657 0.096833 0.102604 0.098732 0.118909 0.113023 0.112782 0.096058 0.119206 0.117332 0.112906 0.110644 0.116241 0.113832 0.109889 0.104787 0.114902 0.101160 0.098475 0.116816 0.118468 0.117202 0.116408 0.109851 0.107238 0.114455 0.106291 0.103113 0.101456 0.096588 0.106175 0.116614 0.109069 0.103890 0.103889 0.117057 0.103614 0.107589 0.119652
0.097975 0.089880 0.095665 0.093582 0.106066 0.108475 0.108321 0.086671 0.105681 0.112334 0.101092 0.098405 0.109279 0.108855 0.102994 0.097304 0.109425 0.093520 0.093979 0.111804 0.109725 0.108320 0.109697 0.102945 0.102132 0.107504 0.101182 0.098472 0.096429 0.091650 0.101426 0.106437 0.104072 0.103889 0.089068 0.106977 0.090404 0.102576 0.114654
0.113789 0.103162 0.108944 0.106713 0.122030 0.121685 0.121530 0.099421 0.122304 0.125556 0.116166 0.113802 0.122562 0.122075 0.116275 0.110474 0.122666 0.106803 0.107187 0.124927 0.122960 0.121134 0.122972 0.116226 0.115359 0.120785 0.114410 0.111685 0.109653 0.104775 0.114569 0.120600 0.117294 0.117057 0.106977 0.117312 0.106684 0.115800 0.127876
0.097840 0.089607 0.095392 0.093305 0.105975 0.108200 0.108047 0.086386 0.105927 0.112059 0.100875 0.098199 0.109006 0.108581 0.102721 0.097029 0.109151 0.093247 0.093705 0.111528 0.109450 0.108036 0.109424 0.102672 0.101858 0.107231 0.100908 0.098197 0.096155 0.091373 0.101150 0.106187 0.103797 0.103614 0.090404 0.106684 0.089183 0.102302 0.114379
0.109341 0.095021 0.100827 0.098509 0.117594 0.110021 0.110032 0.094829 0.117892 0.110397 0.111579 0.109326 0.114420 0.107216 0.107955 0.103452 0.111289 0.099609 0.095643 0.116399 0.117101 0.116042 0.114139 0.107959 0.102204 0.112661 0.103523 0.099960 0.094648 0.096222 0.105461 0.115207 0.102140 0.107589 0.102576 0.115800 0.102302 0.098413 0.112717
0.121419 0.107111 0.112916 0.110565 0.129671 0.122100 0.122112 0.106904 0.129969 0.106340 0.123657 0.121403 0.126511 0.116152 0.120049 0.115530 0.123418 0.111693 0.107717 0.128398 0.129180 0.128115 0.126240 0.120051 0.114384 0.124751 0.115614 0.112047 0.106463 0.108242 0.117487 0.127287 0.110692 0.119652 0.114654 0.127876 0.114379 0.112717 0.092963
