      AMA340 0.0002 0.7851 0.0002 0.2111 0.0034 
      AMA601 0.0005 0.7957 0.0002 0.1941 0.0096 
      AMA656 0.0003 0.8048 0.0002 0.1811 0.0135 
    AMANA034 0.0016 0.8160 0.0006 0.0711 0.1108 
    AMANA137 0.0039 0.8139 0.0003 0.0568 0.1251 
      AMZ551 0.0017 0.7602 0.0085 0.0555 0.1741 
      AMZ610 0.0005 0.7932 0.0029 0.0460 0.1575 
       B4615 0.0002 0.7847 0.0002 0.2127 0.0022 
       B5082 0.0003 0.7971 0.0002 0.1984 0.0039 
       BR033 0.0021 0.7621 0.0005 0.0012 0.2340 
       BR036 0.0050 0.7697 0.0002 0.0021 0.2229 
     BR36440 0.0012 0.8074 0.0012 0.1806 0.0096 
      CAM117 0.0003 0.7730 0.0002 0.2237 0.0028 
      CPE012 0.0390 0.7024 0.2567 0.0005 0.0015 
      CPE025 0.0395 0.7107 0.2444 0.0005 0.0049 
      CPE049 0.0342 0.7395 0.2219 0.0007 0.0037 
      CPE069 0.0290 0.7056 0.2570 0.0008 0.0077 
    CPEII008 0.0342 0.7047 0.2583 0.0005 0.0023 
      CUJ027 0.0006 0.7858 0.0002 0.1968 0.0166 
      CUJ072 0.0005 0.8005 0.0001 0.1787 0.0202 
      FPR006 0.0003 0.7707 0.0001 0.1209 0.1080 
      FPR015 0.0023 0.8005 0.0003 0.0793 0.1176 
      FPR021 0.0003 0.7723 0.0001 0.0729 0.1544 
    GAPTO259 0.1966 0.7366 0.0531 0.0011 0.0126 
    GAPTO268 0.2084 0.7361 0.0469 0.0010 0.0075 
    GAPTO277 0.1393 0.7902 0.0449 0.0009 0.0247 
    GAPTO327 0.1937 0.7396 0.0538 0.0012 0.0117 
      MAM010 0.0014 0.7950 0.0002 0.0927 0.1106 
      MAR092 0.0007 0.8107 0.0005 0.0795 0.1086 
       MF005 0.0283 0.7632 0.0045 0.0026 0.2014 
     MPDS628 0.0019 0.8241 0.0007 0.0611 0.1122 
      MSF107 0.0042 0.8131 0.0173 0.0032 0.1623 
       MT087 0.0002 0.7603 0.0001 0.0510 0.1884 
       MT123 0.0002 0.7649 0.0001 0.0267 0.2081 
       OM022 0.0002 0.7690 0.0002 0.1932 0.0373 
       OM112 0.0004 0.7676 0.0001 0.2066 0.0253 
       OM172 0.0004 0.7867 0.0002 0.1884 0.0242 
       OP100 0.0006 0.7593 0.0002 0.1108 0.1292 
     PIME024 0.0004 0.7792 0.0004 0.0590 0.1610 
     PIME062 0.0003 0.7869 0.0001 0.0704 0.1423 
     PIME079 0.0003 0.8163 0.0007 0.0837 0.0989 
     PIME134 0.0468 0.7863 0.0202 0.0029 0.1438 
     PIME135 0.0350 0.7771 0.0162 0.0014 0.1704 
     PIME169 0.0006 0.7917 0.0002 0.0736 0.1339 
     PIME460 0.0004 0.7827 0.0002 0.0890 0.1277 
     PIME482 0.0151 0.7937 0.0037 0.0026 0.1849 
     PIME521 0.0324 0.8038 0.0011 0.0037 0.1589 
     PIME522 0.0079 0.7840 0.0047 0.0040 0.1995 
    PPBIO221 0.0506 0.8005 0.0388 0.0014 0.1086 
    PPBIO305 0.0379 0.7852 0.0446 0.0011 0.1313 
      PPS041 0.0005 0.7968 0.0002 0.0391 0.1635 
      PPS174 0.0003 0.8070 0.0007 0.0008 0.1911 
      PPS221 0.0003 0.8101 0.0002 0.0302 0.1592 
      PPS352 0.0024 0.8069 0.0014 0.0467 0.1426 
      PUC008 0.0003 0.7857 0.0002 0.1812 0.0326 
      RDO007 0.0770 0.7642 0.0727 0.0011 0.0849 
      TLP025 0.0005 0.7895 0.0002 0.0057 0.2041 
      TLP123 0.0003 0.7754 0.0001 0.0033 0.2209 
    UFAC1007 0.0004 0.8130 0.0004 0.1808 0.0054 
     UFAC305 0.0002 0.7885 0.0001 0.1946 0.0165 
     UFAC476 0.0003 0.8130 0.0002 0.1835 0.0031 
      UHE442 0.0519 0.7532 0.0338 0.0085 0.1525 
      UNA002 0.0150 0.7160 0.2676 0.0004 0.0010 
      UNA018 0.0091 0.7061 0.2834 0.0003 0.0011 
      UNA088 0.0208 0.7357 0.2380 0.0009 0.0045 
      UNA110 0.0169 0.7079 0.2740 0.0003 0.0008 
      UNA124 0.0051 0.7344 0.2578 0.0006 0.0021 
       WM281 0.0149 0.8038 0.0162 0.0111 0.1540 
       WM293 0.0402 0.7690 0.0091 0.0026 0.1791 
