68
Ceratopipra_erythrocephala_SGC288 0.000000000 0.000903338 0.001006319 0.001040517 0.001048335 0.002031749 0.001992597 0.001876373 0.001977370 0.001987704 0.002101478 0.002055552 0.001578148 0.002107697 0.001831782 0.001412063 0.001530209 0.001497783 0.001643797 0.001567673 0.001646996 0.001573569 0.001517311 0.001680769 0.001938943 0.001620360 0.001649806 0.001639342 0.001435088 0.001675789 0.001531218 0.001358063 0.002093933 0.001564709 0.001624326 0.001570493 0.001550949 0.001720128 0.001640009 0.001595392 0.001415192 0.001589712 0.001705950 0.001692911 0.001609120 0.001620218 0.001556650 0.001627524 0.001554888 0.001548885 0.001534548 0.001621175 0.002109143 0.002132975 0.001640861 0.001686670 0.001229473 0.001184428 0.001970923 0.002023022 0.001948601 0.001982448 0.001760395 0.001834098 0.001629336 0.001655424 0.001606377 0.001196976 
Ceratopipra_erythrocephala_B7534  0.000903338 0.000000000 0.000733636 0.000847923 0.000899445 0.001887277 0.001823377 0.001727412 0.001793749 0.001847077 0.001947289 0.001909122 0.001441179 0.002011456 0.001724973 0.001298046 0.001432274 0.001396661 0.001518235 0.001482550 0.001480633 0.001444113 0.001443190 0.001526921 0.001817950 0.001486140 0.001500327 0.001530316 0.001328185 0.001595670 0.001381361 0.001259337 0.001965929 0.001421855 0.001465069 0.001486594 0.001428825 0.001526386 0.001533623 0.001489828 0.001401678 0.001493336 0.001570773 0.001538426 0.001456006 0.001505523 0.001467645 0.001507295 0.001444849 0.001430426 0.001415045 0.001506737 0.001958642 0.002021111 0.001484966 0.001543632 0.001154267 0.001102709 0.001797444 0.001842720 0.001761466 0.001834120 0.001641792 0.001679024 0.001518168 0.001550896 0.001434896 0.001063357 
Ceratopipra_erythrocephala_B7539  0.001006319 0.000733636 0.000000000 0.000972434 0.000870000 0.001978578 0.001949374 0.001827800 0.001957004 0.001961779 0.002065147 0.002071772 0.001568964 0.002092231 0.001841415 0.001423446 0.001557236 0.001462011 0.001592964 0.001549350 0.001604377 0.001568978 0.001520936 0.001650101 0.001888456 0.001615041 0.001610008 0.001659073 0.001440511 0.001689497 0.001516219 0.001300035 0.002107869 0.001554354 0.001594860 0.001614770 0.001562752 0.001637025 0.001645914 0.001573110 0.001457022 0.001623786 0.001687818 0.001651596 0.001626478 0.001586508 0.001587112 0.001635212 0.001599898 0.001565188 0.001531088 0.001607683 0.002055146 0.002116927 0.001602845 0.001676154 0.001222763 0.001208547 0.001952323 0.001949130 0.001904993 0.001942011 0.001781677 0.001830221 0.001584996 0.001644061 0.001544358 0.001203646 
Ceratopipra_erythrocephala_B7536  0.001040517 0.000847923 0.000972434 0.000000000 0.001011726 0.001993103 0.001953473 0.001848416 0.001988867 0.002011201 0.002105752 0.002081001 0.001565192 0.002143587 0.001827530 0.001432019 0.001566935 0.001529588 0.001639989 0.001587641 0.001627336 0.001523679 0.001543947 0.001655112 0.001923326 0.001603845 0.001611500 0.001645312 0.001410396 0.001716014 0.001529561 0.001296414 0.002115530 0.001549503 0.001632267 0.001581617 0.001567617 0.001635537 0.001657511 0.001593403 0.001484597 0.001650267 0.001685483 0.001679758 0.001614262 0.001610442 0.001638918 0.001615874 0.001581749 0.001558036 0.001521326 0.001605670 0.002094397 0.002096423 0.001612023 0.001674356 0.001230179 0.001223670 0.001921712 0.001974953 0.001934583 0.001969057 0.001757432 0.001836159 0.001579376 0.001681168 0.001580794 0.001184622 
Ceratopipra_erythrocephala_B7537  0.001048335 0.000899445 0.000870000 0.001011726 0.000000000 0.002018959 0.001965530 0.001877519 0.002000185 0.002016549 0.002117901 0.002068900 0.001573648 0.002167459 0.001831922 0.001454512 0.001575380 0.001512715 0.001631883 0.001588304 0.001617323 0.001591360 0.001574017 0.001686839 0.001955033 0.001660835 0.001628482 0.001686508 0.001437238 0.001715101 0.001517814 0.001329164 0.002117467 0.001517933 0.001633368 0.001611182 0.001594301 0.001712225 0.001660677 0.001658975 0.001516493 0.001638253 0.001708273 0.001717543 0.001626438 0.001658709 0.001601225 0.001658724 0.001628674 0.001561196 0.001584456 0.001679742 0.002133897 0.002138190 0.001698342 0.001729679 0.001254147 0.001268881 0.001983623 0.001961212 0.002004408 0.001960313 0.001796645 0.001859866 0.001601430 0.001718743 0.001587110 0.001209615 
Ceratopipra_rubrocapilla_CPE012   0.002031749 0.001887277 0.001978578 0.001993103 0.002018959 0.000000000 0.000953438 0.000942356 0.001030219 0.001046575 0.001267783 0.001281926 0.000911750 0.001267507 0.001096429 0.001278937 0.001365007 0.001303572 0.001428182 0.001438534 0.001463608 0.001361861 0.001315852 0.001414617 0.001627242 0.001329347 0.001386682 0.001381096 0.001302752 0.001415217 0.001389448 0.001052314 0.001830852 0.001302464 0.001318053 0.001280795 0.001310284 0.001345918 0.001398148 0.001317351 0.001261691 0.001335082 0.001311009 0.001271771 0.001235555 0.001341292 0.001143875 0.001270217 0.001324993 0.001221747 0.001161693 0.001335386 0.001662106 0.001840661 0.001284595 0.001354435 0.000882527 0.000652977 0.001347851 0.001342379 0.001320475 0.001397238 0.001452901 0.001538311 0.001228953 0.001148032 0.001012394 0.000828952 
Ceratopipra_rubrocapilla_CPE025   0.001992597 0.001823377 0.001949374 0.001953473 0.001965530 0.000953438 0.000000000 0.000856122 0.001002593 0.001025800 0.001253779 0.001253677 0.000913996 0.001251520 0.001087535 0.001280898 0.001358195 0.001319333 0.001444051 0.001448326 0.001405116 0.001349703 0.001321886 0.001394158 0.001649052 0.001310570 0.001354118 0.001409955 0.001314486 0.001437051 0.001386200 0.000999528 0.001778935 0.001228748 0.001343058 0.001289469 0.001269802 0.001380502 0.001372671 0.001310715 0.001191037 0.001352432 0.001260357 0.001285130 0.001264008 0.001314831 0.001181278 0.001228361 0.001280542 0.001204360 0.001106880 0.001325389 0.001692894 0.001784469 0.001270385 0.001324978 0.000862231 0.000861482 0.001320195 0.001357777 0.001276614 0.001366100 0.001477684 0.001524787 0.001139237 0.001162548 0.001035050 0.000785897 
Ceratopipra_rubrocapilla_CPE049   0.001876373 0.001727412 0.001827800 0.001848416 0.001877519 0.000942356 0.000856122 0.000000000 0.000919106 0.000949565 0.001195664 0.001185075 0.000878435 0.001213093 0.001022447 0.001219754 0.001258112 0.001249644 0.001343077 0.001349749 0.001364867 0.001269790 0.001213697 0.001293014 0.001536936 0.001262805 0.001322970 0.001347859 0.001208322 0.001372290 0.001268751 0.000948682 0.001697349 0.001116681 0.001266967 0.001196667 0.001169784 0.001204617 0.001298020 0.001231939 0.001099916 0.001250390 0.001191659 0.001157618 0.001172373 0.001245928 0.001082014 0.001153680 0.001203075 0.001074191 0.001084422 0.001232064 0.001594425 0.001703336 0.001206800 0.001238646 0.000790902 0.000782889 0.001249003 0.001252143 0.001182093 0.001288306 0.001398221 0.001444537 0.001031339 0.001043118 0.000943071 0.000748704 
Ceratopipra_rubrocapilla_CPE069   0.001977370 0.001793749 0.001957004 0.001988867 0.002000185 0.001030219 0.001002593 0.000919106 0.000000000 0.001030389 0.001292666 0.001254057 0.000892012 0.001270149 0.001079514 0.001261912 0.001389377 0.001333728 0.001458500 0.001459959 0.001491300 0.001380444 0.001310372 0.001394093 0.001667914 0.001360360 0.001383561 0.001415300 0.001268164 0.001411823 0.001336594 0.001015314 0.001790854 0.001252946 0.001324616 0.001267109 0.001299571 0.001334590 0.001368837 0.001343643 0.001236395 0.001316355 0.001328782 0.001306264 0.001227542 0.001308945 0.001211516 0.001232027 0.001326765 0.001233154 0.001179691 0.001289007 0.001743634 0.001803376 0.001269416 0.001307370 0.000882831 0.000845943 0.001345991 0.001366612 0.001321442 0.001415704 0.001517360 0.001554984 0.001160554 0.001200549 0.001051107 0.000842697 
Ceratopipra_rubrocapilla_CPEII008 0.001987704 0.001847077 0.001961779 0.002011201 0.002016549 0.001046575 0.001025800 0.000949565 0.001030389 0.000000000 0.001314157 0.001257885 0.000922188 0.001311156 0.001111356 0.001282818 0.001373453 0.001365421 0.001496281 0.001466846 0.001458803 0.001346112 0.001344292 0.001421962 0.001669333 0.001351147 0.001409122 0.001430624 0.001355364 0.001419532 0.001440267 0.001091429 0.001818714 0.001279341 0.001385143 0.001303360 0.001267814 0.001382477 0.001422738 0.001356210 0.001221932 0.001340511 0.001314818 0.001327038 0.001277319 0.001332050 0.001229766 0.001247930 0.001324908 0.001208142 0.001198240 0.001342506 0.001727893 0.001853878 0.001270408 0.001361739 0.000896153 0.000880549 0.001393984 0.001401458 0.001333921 0.001383877 0.001511696 0.001554530 0.001180628 0.001193297 0.001039384 0.000846928 
Ceratopipra_rubrocapilla_UNA002   0.002101478 0.001947289 0.002065147 0.002105752 0.002117901 0.001267783 0.001253779 0.001195664 0.001292666 0.001314157 0.000000000 0.001010458 0.000735293 0.001058261 0.000884728 0.001403877 0.001490076 0.001431518 0.001562786 0.001577743 0.001587400 0.001480752 0.001444628 0.001475295 0.001746256 0.001466155 0.001490131 0.001503528 0.001376088 0.001521135 0.001456105 0.000965726 0.001911557 0.001371679 0.001451204 0.001366435 0.001335600 0.001399962 0.001483644 0.001422928 0.001289425 0.001440709 0.001410210 0.001410739 0.001358094 0.001411051 0.001302574 0.001365525 0.001367911 0.001284209 0.001250604 0.001420048 0.001796719 0.001938114 0.001379085 0.001418141 0.000946238 0.000970983 0.001455445 0.001489471 0.001402186 0.001467180 0.001562943 0.001664240 0.001209352 0.001267289 0.001119520 0.000892608 
Ceratopipra_rubrocapilla_UNA018   0.002055552 0.001909122 0.002071772 0.002081001 0.002068900 0.001281926 0.001253677 0.001185075 0.001254057 0.001257885 0.001010458 0.000000000 0.000753248 0.001048823 0.000855897 0.001367274 0.001459931 0.001420203 0.001581175 0.001543065 0.001576364 0.001458049 0.001378085 0.001515836 0.001777333 0.001407427 0.001454843 0.001495907 0.001383513 0.001548483 0.001500980 0.001107682 0.001908156 0.001329271 0.001396972 0.001342853 0.001368124 0.001427264 0.001464626 0.001365616 0.001248362 0.001407935 0.001415791 0.001361721 0.001322645 0.001402822 0.001239358 0.001344448 0.001399726 0.001265131 0.001275696 0.001383786 0.001792707 0.001852610 0.001348389 0.001409150 0.000930860 0.000949437 0.001408715 0.001439969 0.001376569 0.001466989 0.001587972 0.001646591 0.001193192 0.001265910 0.001092641 0.000871286 
Ceratopipra_rubrocapilla_UNA088   0.001578148 0.001441179 0.001568964 0.001565192 0.001573648 0.000911750 0.000913996 0.000878435 0.000892012 0.000922188 0.000735293 0.000753248 0.000000000 0.000735894 0.000640913 0.000954433 0.001015038 0.000920950 0.001125558 0.001087943 0.001111227 0.000997875 0.000977122 0.000948030 0.001256138 0.000980256 0.001025028 0.001036590 0.000926074 0.001111837 0.001046277 0.000701719 0.001455444 0.000907279 0.001003612 0.000934459 0.000923785 0.000988459 0.001007738 0.000971686 0.000848608 0.001007655 0.000969246 0.000954969 0.000905909 0.000977184 0.000898290 0.000972422 0.000973679 0.000860812 0.000839782 0.000942825 0.001351531 0.001381268 0.000923698 0.000969795 0.000617553 0.000594509 0.001024612 0.001065630 0.001008198 0.001059757 0.001122070 0.001173150 0.000846864 0.000867712 0.000753654 0.000543476 
Ceratopipra_rubrocapilla_UNA110   0.002107697 0.002011456 0.002092231 0.002143587 0.002167459 0.001267507 0.001251520 0.001213093 0.001270149 0.001311156 0.001058261 0.001048823 0.000735894 0.000000000 0.000868413 0.001361941 0.001476925 0.001421154 0.001594637 0.001517897 0.001598538 0.001479135 0.001429710 0.001488301 0.001751664 0.001461817 0.001488378 0.001506685 0.001348278 0.001547121 0.001481599 0.001067830 0.001928280 0.001367089 0.001446622 0.001381115 0.001335786 0.001418300 0.001493068 0.001456420 0.001302187 0.001458562 0.001445814 0.001413874 0.001381571 0.001447774 0.001286462 0.001370755 0.001399324 0.001302449 0.001259484 0.001385909 0.001868120 0.001944964 0.001390000 0.001450830 0.001026544 0.000947456 0.001477787 0.001465793 0.001407156 0.001530372 0.001572008 0.001676541 0.001271391 0.001276022 0.001130253 0.000904094 
Ceratopipra_rubrocapilla_UNA124   0.001831782 0.001724973 0.001841415 0.001827530 0.001831922 0.001096429 0.001087535 0.001022447 0.001079514 0.001111356 0.000884728 0.000855897 0.000640913 0.000868413 0.000000000 0.001175691 0.001236376 0.001154240 0.001325163 0.001311819 0.001332193 0.001237189 0.001209524 0.001294854 0.001529054 0.001227904 0.001258209 0.001266805 0.001196450 0.001313479 0.001212293 0.000921793 0.001656346 0.001124626 0.001197861 0.001145034 0.001128338 0.001224448 0.001255289 0.001169564 0.001019742 0.001228505 0.001173196 0.001165763 0.001128422 0.001206258 0.001039695 0.001136049 0.001178929 0.001110575 0.001041886 0.001189902 0.001579448 0.001640677 0.001113229 0.001220752 0.000801183 0.000765330 0.001213156 0.001219753 0.001218383 0.001213556 0.001339352 0.001412115 0.001038310 0.001067167 0.000929509 0.000746101 
Ceratopipra_rubrocapilla_AMA340   0.001412063 0.001298046 0.001423446 0.001432019 0.001454512 0.001278937 0.001280898 0.001219754 0.001261912 0.001282818 0.001403877 0.001367274 0.000954433 0.001361941 0.001175691 0.000000000 0.000772726 0.000755540 0.000885733 0.000845176 0.000866183 0.000799049 0.000772996 0.000890374 0.001141474 0.000869772 0.000877745 0.000894360 0.000734825 0.000915128 0.000762960 0.000775578 0.001323859 0.000845833 0.000911972 0.000921868 0.000837708 0.000914503 0.000962223 0.000904302 0.000818003 0.000898755 0.001003830 0.001001159 0.000949289 0.000916425 0.000941912 0.000979023 0.000879079 0.000886191 0.000911368 0.000909788 0.001355088 0.001390742 0.000899019 0.000989488 0.000650751 0.000625008 0.001269634 0.001226144 0.001229795 0.001269947 0.001081239 0.001100632 0.000974993 0.001016316 0.000920386 0.000622028 
Ceratopipra_rubrocapilla_AMA601   0.001530209 0.001432274 0.001557236 0.001566935 0.001575380 0.001365007 0.001358195 0.001258112 0.001389377 0.001373453 0.001490076 0.001459931 0.001015038 0.001476925 0.001236376 0.000772726 0.000000000 0.000837815 0.000931372 0.000940100 0.000975118 0.000858339 0.000855295 0.001043506 0.001233812 0.000980767 0.000938436 0.000965100 0.000773472 0.000991808 0.000877310 0.000805834 0.001412478 0.000917941 0.000980392 0.000967460 0.000941304 0.001040411 0.001000706 0.000986372 0.000933295 0.001015204 0.001074892 0.001076689 0.001025472 0.000975885 0.001026206 0.001036022 0.000949469 0.000995175 0.000937166 0.000989991 0.001403157 0.001425011 0.000994743 0.001086923 0.000751197 0.000706297 0.001362766 0.001355829 0.001298609 0.001370870 0.001135664 0.001164854 0.001030335 0.001100602 0.001027525 0.000671829 
Ceratopipra_rubrocapilla_AMA656   0.001497783 0.001396661 0.001462011 0.001529588 0.001512715 0.001303572 0.001319333 0.001249644 0.001333728 0.001365421 0.001431518 0.001420203 0.000920950 0.001421154 0.001154240 0.000755540 0.000837815 0.000000000 0.000869360 0.000893559 0.000914643 0.000859463 0.000800995 0.000992848 0.001253647 0.000937260 0.000918729 0.000931786 0.000771980 0.001005592 0.000840753 0.000726427 0.001393750 0.000882938 0.000945581 0.000928037 0.000886676 0.000959748 0.000969740 0.000982861 0.000902965 0.000944007 0.001040350 0.001024374 0.001011086 0.000984803 0.000981495 0.001015159 0.000968895 0.000946151 0.000921942 0.001005166 0.001414693 0.001446000 0.000969285 0.001058678 0.000657242 0.000626801 0.001308225 0.001311398 0.001293537 0.001314147 0.001099186 0.001158995 0.000975932 0.001028913 0.000944591 0.000640285 
Ceratopipra_rubrocapilla_B4615    0.001643797 0.001518235 0.001592964 0.001639989 0.001631883 0.001428182 0.001444051 0.001343077 0.001458500 0.001496281 0.001562786 0.001581175 0.001125558 0.001594637 0.001325163 0.000885733 0.000931372 0.000869360 0.000000000 0.000989758 0.001019636 0.000938672 0.000948932 0.001091874 0.001299259 0.001041865 0.001034506 0.001078043 0.000834511 0.001046436 0.000953268 0.000837061 0.001477803 0.000983423 0.001110787 0.001098119 0.000973182 0.001128408 0.001137767 0.001073243 0.000972864 0.001097280 0.001169502 0.001167367 0.001160818 0.001097011 0.001085640 0.001172484 0.001073258 0.001044028 0.001076183 0.001072946 0.001530061 0.001522669 0.001057623 0.001197430 0.000780528 0.000731120 0.001430405 0.001433533 0.001401215 0.001436813 0.001246442 0.001310642 0.001151672 0.001177417 0.001048206 0.000776873 
Ceratopipra_rubrocapilla_B5082    0.001567673 0.001482550 0.001549350 0.001587641 0.001588304 0.001438534 0.001448326 0.001349749 0.001459959 0.001466846 0.001577743 0.001543065 0.001087943 0.001517897 0.001311819 0.000845176 0.000940100 0.000893559 0.000989758 0.000000000 0.001004784 0.000925483 0.000937157 0.001063106 0.001277351 0.001014967 0.000994972 0.000992685 0.000911509 0.001011794 0.000911633 0.000810706 0.001515142 0.000990131 0.001071653 0.001059210 0.001001600 0.001055852 0.001131023 0.001090807 0.000975532 0.001050141 0.001147358 0.001142536 0.001111035 0.001063270 0.001060155 0.001106329 0.001018572 0.001039996 0.001016352 0.001044304 0.001519014 0.001510669 0.001061879 0.001148294 0.000775143 0.000721516 0.001406394 0.001438238 0.001338944 0.001473523 0.001213410 0.001215566 0.001076348 0.001143692 0.001081503 0.000728149 
Ceratopipra_rubrocapilla_CAM117   0.001646996 0.001480633 0.001604377 0.001627336 0.001617323 0.001463608 0.001405116 0.001364867 0.001491300 0.001458803 0.001587400 0.001576364 0.001111227 0.001598538 0.001332193 0.000866183 0.000975118 0.000914643 0.001019636 0.001004784 0.000000000 0.000984463 0.000922156 0.001070879 0.001358330 0.001043519 0.001026958 0.001079479 0.000892639 0.001093219 0.000950582 0.000834685 0.001501819 0.001008379 0.001091460 0.001058187 0.001009247 0.001082130 0.001084951 0.001076361 0.000956512 0.001094478 0.001187713 0.001152175 0.001138617 0.001124483 0.001089989 0.001164282 0.001036524 0.001081321 0.001062014 0.001089328 0.001558345 0.001542076 0.001083478 0.001156438 0.000812633 0.000756066 0.001459798 0.001462591 0.001428128 0.001470377 0.001239476 0.001290246 0.001152733 0.001198454 0.001106639 0.000754995 
Ceratopipra_rubrocapilla_CUJ027   0.001573569 0.001444113 0.001568978 0.001523679 0.001591360 0.001361861 0.001349703 0.001269790 0.001380444 0.001346112 0.001480752 0.001458049 0.000997875 0.001479135 0.001237189 0.000799049 0.000858339 0.000859463 0.000938672 0.000925483 0.000984463 0.000000000 0.000850934 0.000984881 0.001206698 0.000927013 0.000960236 0.000955952 0.000811881 0.000996087 0.000854546 0.000797382 0.001381252 0.000930357 0.000996898 0.000969976 0.000926794 0.000963859 0.001042928 0.000953722 0.000847609 0.001003061 0.001131968 0.001064850 0.001024950 0.000960890 0.001008865 0.001045747 0.000951500 0.000962672 0.000947436 0.001008890 0.001376244 0.001482283 0.001006414 0.001039034 0.000688882 0.000641155 0.001296839 0.001319146 0.001272238 0.001368021 0.001137111 0.001184814 0.001029141 0.001064523 0.001013137 0.000660938 
Ceratopipra_rubrocapilla_CUJ072   0.001517311 0.001443190 0.001520936 0.001543947 0.001574017 0.001315852 0.001321886 0.001213697 0.001310372 0.001344292 0.001444628 0.001378085 0.000977122 0.001429710 0.001209524 0.000772996 0.000855295 0.000800995 0.000948932 0.000937157 0.000922156 0.000850934 0.000000000 0.000954923 0.001207060 0.000921683 0.000904863 0.000908567 0.000780990 0.000970840 0.000896610 0.000686156 0.001407463 0.000852370 0.000934663 0.000932644 0.000876971 0.000901189 0.000966987 0.000975528 0.000875564 0.000964711 0.001047494 0.000992542 0.000965474 0.000979783 0.000966293 0.000972178 0.000902160 0.000917569 0.000900009 0.000965761 0.001400554 0.001431026 0.000939098 0.001014853 0.000670428 0.000656035 0.001315180 0.001294238 0.001288286 0.001300822 0.001109355 0.001149915 0.001009221 0.001065493 0.000936545 0.000654156 
Ceratopipra_rubrocapilla_OM022    0.001680769 0.001526921 0.001650101 0.001655112 0.001686839 0.001414617 0.001394158 0.001293014 0.001394093 0.001421962 0.001475295 0.001515836 0.000948030 0.001488301 0.001294854 0.000890374 0.001043506 0.000992848 0.001091874 0.001063106 0.001070879 0.000984881 0.000954923 0.000000000 0.001189298 0.000955477 0.001005672 0.001072328 0.000934838 0.001103646 0.000997031 0.000827788 0.001452346 0.000991141 0.001054912 0.001022807 0.000948136 0.001037337 0.001091941 0.001025020 0.000922909 0.001052298 0.001126906 0.001079695 0.001103707 0.001058898 0.001020014 0.001110840 0.000998683 0.000989809 0.000992945 0.001025180 0.001523208 0.001534129 0.001051674 0.001083967 0.000736405 0.000719582 0.001370761 0.001369466 0.001333703 0.001419470 0.001180257 0.001243864 0.001069460 0.001098561 0.001035327 0.000742076 
Ceratopipra_rubrocapilla_OM112    0.001938943 0.001817950 0.001888456 0.001923326 0.001955033 0.001627242 0.001649052 0.001536936 0.001667914 0.001669333 0.001746256 0.001777333 0.001256138 0.001751664 0.001529054 0.001141474 0.001233812 0.001253647 0.001299259 0.001277351 0.001358330 0.001206698 0.001207060 0.001189298 0.000000000 0.001206826 0.001266985 0.001263872 0.001218218 0.001286173 0.001221226 0.000968527 0.001665905 0.001175507 0.001310282 0.001260235 0.001170004 0.001268104 0.001295949 0.001249814 0.001191452 0.001279704 0.001361910 0.001295646 0.001309264 0.001249640 0.001265913 0.001309026 0.001190787 0.001226940 0.001224991 0.001261226 0.001734410 0.001680176 0.001286000 0.001318425 0.000981071 0.000909280 0.001650613 0.001629312 0.001652995 0.001617565 0.001423152 0.001448141 0.001279449 0.001336788 0.001231456 0.000937735 
Ceratopipra_rubrocapilla_OM172    0.001620360 0.001486140 0.001615041 0.001603845 0.001660835 0.001329347 0.001310570 0.001262805 0.001360360 0.001351147 0.001466155 0.001407427 0.000980256 0.001461817 0.001227904 0.000869772 0.000980767 0.000937260 0.001041865 0.001014967 0.001043519 0.000927013 0.000921683 0.000955477 0.001206826 0.000000000 0.000992049 0.000949290 0.000942900 0.001023398 0.000995352 0.000767877 0.001412703 0.000891678 0.001021229 0.000972553 0.000940816 0.001045620 0.001061869 0.000986506 0.000925232 0.001054403 0.001084856 0.001018283 0.001037549 0.001015627 0.000993840 0.001049015 0.000967496 0.001000444 0.000986194 0.001010854 0.001434742 0.001513321 0.000987366 0.001024252 0.000714273 0.000686866 0.001311021 0.001348038 0.001299053 0.001327852 0.001155026 0.001197817 0.001019570 0.001054346 0.000974488 0.000661727 
Ceratopipra_rubrocapilla_PUC008   0.001649806 0.001500327 0.001610008 0.001611500 0.001628482 0.001386682 0.001354118 0.001322970 0.001383561 0.001409122 0.001490131 0.001454843 0.001025028 0.001488378 0.001258209 0.000877745 0.000938436 0.000918729 0.001034506 0.000994972 0.001026958 0.000960236 0.000904863 0.001005672 0.001266985 0.000992049 0.000000000 0.000649074 0.000887854 0.001032922 0.000936877 0.000780020 0.001419539 0.000950671 0.001031588 0.000997019 0.000968090 0.001021964 0.001079592 0.001038259 0.000932012 0.001014217 0.001122700 0.001065110 0.001108490 0.001016442 0.001040774 0.001082715 0.001007438 0.001023427 0.000969119 0.000999742 0.001484152 0.001464591 0.001025500 0.001105756 0.000723994 0.000712065 0.001380178 0.001376812 0.001360401 0.001393398 0.001177452 0.001206202 0.001054011 0.001131911 0.001005142 0.000616455 
Ceratopipra_rubrocapilla_PUC007   0.001639342 0.001530316 0.001659073 0.001645312 0.001686508 0.001381096 0.001409955 0.001347859 0.001415300 0.001430624 0.001503528 0.001495907 0.001036590 0.001506685 0.001266805 0.000894360 0.000965100 0.000931786 0.001078043 0.000992685 0.001079479 0.000955952 0.000908567 0.001072328 0.001263872 0.000949290 0.000649074 0.000000000 0.000864269 0.001049811 0.000987746 0.000777217 0.001460019 0.000994158 0.001051318 0.001026191 0.000955719 0.001048131 0.001067879 0.001036298 0.000932980 0.001056942 0.001124208 0.001075655 0.001057005 0.001041923 0.001047693 0.001119441 0.001017979 0.001003201 0.000996582 0.001006901 0.001463038 0.001513107 0.001011279 0.001086669 0.000670108 0.000696551 0.001390161 0.001373683 0.001353199 0.001418883 0.001205222 0.001223615 0.001091819 0.001107490 0.001021603 0.000691921 
Ceratopipra_rubrocapilla_UFAC1007 0.001435088 0.001328185 0.001440511 0.001410396 0.001437238 0.001302752 0.001314486 0.001208322 0.001268164 0.001355364 0.001376088 0.001383513 0.000926074 0.001348278 0.001196450 0.000734825 0.000773472 0.000771980 0.000834511 0.000911509 0.000892639 0.000811881 0.000780990 0.000934838 0.001218218 0.000942900 0.000887854 0.000864269 0.000000000 0.000881096 0.000749962 0.000721107 0.001423587 0.000912719 0.000937116 0.000936385 0.000922151 0.000891789 0.000987372 0.000889348 0.000815576 0.000952828 0.001018494 0.001017072 0.000989776 0.000973810 0.000999427 0.001061945 0.000967635 0.000889950 0.000928816 0.000953067 0.001365389 0.001372037 0.000957620 0.000959043 0.000647109 0.000634949 0.001283760 0.001310084 0.001205800 0.001252563 0.001099418 0.001140832 0.000970107 0.000986279 0.000946256 0.000682513 
Ceratopipra_rubrocapilla_UFAC305  0.001675789 0.001595670 0.001689497 0.001716014 0.001715101 0.001415217 0.001437051 0.001372290 0.001411823 0.001419532 0.001521135 0.001548483 0.001111837 0.001547121 0.001313479 0.000915128 0.000991808 0.001005592 0.001046436 0.001011794 0.001093219 0.000996087 0.000970840 0.001103646 0.001286173 0.001023398 0.001032922 0.001049811 0.000881096 0.000000000 0.001034596 0.000844068 0.001510222 0.000992693 0.001061132 0.001024085 0.000993475 0.001045698 0.001100685 0.001059727 0.000944706 0.001071206 0.001144572 0.001081775 0.001122191 0.001070701 0.001086259 0.001130016 0.001025611 0.001062260 0.001027103 0.001078828 0.001504096 0.001557034 0.001057628 0.001107295 0.000763277 0.000723095 0.001410626 0.001458641 0.001339450 0.001465892 0.001238975 0.001247940 0.001092948 0.001109995 0.001069821 0.000728618 
Ceratopipra_rubrocapilla_UFAC476  0.001531218 0.001381361 0.001516219 0.001529561 0.001517814 0.001389448 0.001386200 0.001268751 0.001336594 0.001440267 0.001456105 0.001500980 0.001046277 0.001481599 0.001212293 0.000762960 0.000877310 0.000840753 0.000953268 0.000911633 0.000950582 0.000854546 0.000896610 0.000997031 0.001221226 0.000995352 0.000936877 0.000987746 0.000749962 0.001034596 0.000000000 0.000775968 0.001430514 0.000885621 0.001008339 0.000977609 0.000921721 0.000944390 0.001035161 0.001019238 0.000875297 0.001020501 0.001054351 0.001059381 0.001101606 0.001022107 0.001022378 0.001064851 0.000958877 0.000946372 0.000971745 0.000981082 0.001410945 0.001483518 0.001011254 0.001063797 0.000704159 0.000644685 0.001382848 0.001367963 0.001314183 0.001337224 0.001125039 0.001216758 0.000994797 0.001074219 0.001009053 0.000669544 
Ceratopipra_rubrocapilla_AMZ610   0.001358063 0.001259337 0.001300035 0.001296414 0.001329164 0.001052314 0.000999528 0.000948682 0.001015314 0.001091429 0.000965726 0.001107682 0.000701719 0.001067830 0.000921793 0.000775578 0.000805834 0.000726427 0.000837061 0.000810706 0.000834685 0.000797382 0.000686156 0.000827788 0.000968527 0.000767877 0.000780020 0.000777217 0.000721107 0.000844068 0.000775968 0.000000000 0.001113295 0.000716991 0.000754760 0.000772173 0.000717908 0.000770736 0.000793359 0.000728532 0.000649667 0.000778475 0.000747568 0.000747479 0.000749764 0.000789552 0.000731859 0.000781133 0.000741817 0.000725817 0.000711576 0.000734877 0.001108375 0.001047679 0.000684647 0.000702747 0.000484514 0.000454421 0.000973045 0.000971340 0.000961813 0.000974642 0.000825363 0.000805240 0.000763047 0.000755828 0.000704603 0.000483660 
Ceratopipra_rubrocapilla_FPR006   0.002093933 0.001965929 0.002107869 0.002115530 0.002117467 0.001830852 0.001778935 0.001697349 0.001790854 0.001818714 0.001911557 0.001908156 0.001455444 0.001928280 0.001656346 0.001323859 0.001412478 0.001393750 0.001477803 0.001515142 0.001501819 0.001381252 0.001407463 0.001452346 0.001665905 0.001412703 0.001419539 0.001460019 0.001423587 0.001510222 0.001430514 0.001113295 0.000000000 0.001288255 0.001371376 0.001373060 0.001342922 0.001400137 0.001435628 0.001383602 0.001272299 0.001382700 0.001496808 0.001462065 0.001450174 0.001383740 0.001408892 0.001473507 0.001371592 0.001391170 0.001377653 0.001411402 0.001850151 0.001874367 0.001447262 0.001444482 0.001077472 0.000957257 0.001778871 0.001766040 0.001739513 0.001757594 0.001542689 0.001620753 0.001439323 0.001478094 0.001379053 0.001021498 
Ceratopipra_rubrocapilla_FPR015   0.001564709 0.001421855 0.001554354 0.001549503 0.001517933 0.001302464 0.001228748 0.001116681 0.001252946 0.001279341 0.001371679 0.001329271 0.000907279 0.001367089 0.001124626 0.000845833 0.000917941 0.000882938 0.000983423 0.000990131 0.001008379 0.000930357 0.000852370 0.000991141 0.001175507 0.000891678 0.000950671 0.000994158 0.000912719 0.000992693 0.000885621 0.000716991 0.001288255 0.000000000 0.000895311 0.000880011 0.000852456 0.000913814 0.000953488 0.000887678 0.000772108 0.000874421 0.000965258 0.000931334 0.000917157 0.000903182 0.000879690 0.000940858 0.000837889 0.000870004 0.000875910 0.000880019 0.001374672 0.001320982 0.000903209 0.000933443 0.000653161 0.000577461 0.001165756 0.001213722 0.001127150 0.001156826 0.001043309 0.001044973 0.000905253 0.000972941 0.000878455 0.000572269 
Ceratopipra_rubrocapilla_FPR021   0.001624326 0.001465069 0.001594860 0.001632267 0.001633368 0.001318053 0.001343058 0.001266967 0.001324616 0.001385143 0.001451204 0.001396972 0.001003612 0.001446622 0.001197861 0.000911972 0.000980392 0.000945581 0.001110787 0.001071653 0.001091460 0.000996898 0.000934663 0.001054912 0.001310282 0.001021229 0.001031588 0.001051318 0.000937116 0.001061132 0.001008339 0.000754760 0.001371376 0.000895311 0.000000000 0.000927840 0.000944887 0.000999610 0.000998953 0.000953449 0.000902064 0.000995371 0.001048358 0.001009978 0.001012650 0.000972622 0.000981885 0.001049335 0.000915015 0.000953974 0.000918128 0.001007662 0.001402587 0.001403783 0.000955675 0.001024408 0.000734974 0.000669950 0.001315743 0.001297746 0.001306640 0.001315235 0.001101175 0.001157819 0.001008605 0.000999452 0.000952857 0.000671284 
Ceratopipra_rubrocapilla_MAM010   0.001570493 0.001486594 0.001614770 0.001581617 0.001611182 0.001280795 0.001289469 0.001196667 0.001267109 0.001303360 0.001366435 0.001342853 0.000934459 0.001381115 0.001145034 0.000921868 0.000967460 0.000928037 0.001098119 0.001059210 0.001058187 0.000969976 0.000932644 0.001022807 0.001260235 0.000972553 0.000997019 0.001026191 0.000936385 0.001024085 0.000977609 0.000772173 0.001373060 0.000880011 0.000927840 0.000000000 0.000885042 0.000996481 0.001033789 0.000922193 0.000811326 0.000902148 0.001027629 0.001001326 0.000966109 0.000958931 0.000941581 0.001008671 0.000893686 0.000919496 0.000895081 0.000951504 0.001369231 0.001394223 0.000966756 0.001029178 0.000653394 0.000647011 0.001315130 0.001287316 0.001228549 0.001233126 0.001089691 0.001122799 0.001004171 0.001016667 0.000942039 0.000625539 
Ceratopipra_rubrocapilla_MAR092   0.001550949 0.001428825 0.001562752 0.001567617 0.001594301 0.001310284 0.001269802 0.001169784 0.001299571 0.001267814 0.001335600 0.001368124 0.000923785 0.001335786 0.001128338 0.000837708 0.000941304 0.000886676 0.000973182 0.001001600 0.001009247 0.000926794 0.000876971 0.000948136 0.001170004 0.000940816 0.000968090 0.000955719 0.000922151 0.000993475 0.000921721 0.000717908 0.001342922 0.000852456 0.000944887 0.000885042 0.000000000 0.000962775 0.000988013 0.000919966 0.000790321 0.000963445 0.001021764 0.000987015 0.000962182 0.000932995 0.000908809 0.000961700 0.000876495 0.000872501 0.000934356 0.000917183 0.001373604 0.001383652 0.000898302 0.001002763 0.000649864 0.000590798 0.001251194 0.001250466 0.001181033 0.001258789 0.001047158 0.001106619 0.000914094 0.001000636 0.000918776 0.000638335 
Ceratopipra_rubrocapilla_MPDS628  0.001720128 0.001526386 0.001637025 0.001635537 0.001712225 0.001345918 0.001380502 0.001204617 0.001334590 0.001382477 0.001399962 0.001427264 0.000988459 0.001418300 0.001224448 0.000914503 0.001040411 0.000959748 0.001128408 0.001055852 0.001082130 0.000963859 0.000901189 0.001037337 0.001268104 0.001045620 0.001021964 0.001048131 0.000891789 0.001045698 0.000944390 0.000770736 0.001400137 0.000913814 0.000999610 0.000996481 0.000962775 0.000000000 0.001007435 0.000947041 0.000873808 0.000987362 0.001117748 0.001097230 0.001005869 0.001018057 0.000962816 0.001066472 0.000934155 0.000919295 0.000943304 0.001075492 0.001406346 0.001402212 0.000977774 0.001103509 0.000687258 0.000677614 0.001353799 0.001334674 0.001316695 0.001301525 0.001166693 0.001161898 0.001019769 0.001003925 0.000971233 0.000693930 
Ceratopipra_rubrocapilla_OP100    0.001640009 0.001533623 0.001645914 0.001657511 0.001660677 0.001398148 0.001372671 0.001298020 0.001368837 0.001422738 0.001483644 0.001464626 0.001007738 0.001493068 0.001255289 0.000962223 0.001000706 0.000969740 0.001137767 0.001131023 0.001084951 0.001042928 0.000966987 0.001091941 0.001295949 0.001061869 0.001079592 0.001067879 0.000987372 0.001100685 0.001035161 0.000793359 0.001435628 0.000953488 0.000998953 0.001033789 0.000988013 0.001007435 0.000000000 0.001028455 0.000920287 0.001058077 0.001130235 0.001032491 0.001065054 0.001004685 0.001051692 0.001097009 0.000997389 0.000999533 0.000975792 0.000937712 0.001516814 0.001399092 0.000978456 0.001075561 0.000747361 0.000669544 0.001380509 0.001345919 0.001359483 0.001353350 0.001135425 0.001159932 0.001075133 0.001101603 0.001001556 0.000722351 
Ceratopipra_rubrocapilla_PIME024  0.001595392 0.001489828 0.001573110 0.001593403 0.001658975 0.001317351 0.001310715 0.001231939 0.001343643 0.001356210 0.001422928 0.001365616 0.000971686 0.001456420 0.001169564 0.000904302 0.000986372 0.000982861 0.001073243 0.001090807 0.001076361 0.000953722 0.000975528 0.001025020 0.001249814 0.000986506 0.001038259 0.001036298 0.000889348 0.001059727 0.001019238 0.000728532 0.001383602 0.000887678 0.000953449 0.000922193 0.000919966 0.000947041 0.001028455 0.000000000 0.000851920 0.000988605 0.001045736 0.001018731 0.001010014 0.000964448 0.000974460 0.001030577 0.000917866 0.000934101 0.000922032 0.000951580 0.001443880 0.001415734 0.000971760 0.001040788 0.000695418 0.000662594 0.001295621 0.001287828 0.001298738 0.001317083 0.001117799 0.001160271 0.001000625 0.001045265 0.000944906 0.000655778 
Ceratopipra_rubrocapilla_PIME079  0.001415192 0.001401678 0.001457022 0.001484597 0.001516493 0.001261691 0.001191037 0.001099916 0.001236395 0.001221932 0.001289425 0.001248362 0.000848608 0.001302187 0.001019742 0.000818003 0.000933295 0.000902965 0.000972864 0.000975532 0.000956512 0.000847609 0.000875564 0.000922909 0.001191452 0.000925232 0.000932012 0.000932980 0.000815576 0.000944706 0.000875297 0.000649667 0.001272299 0.000772108 0.000902064 0.000811326 0.000790321 0.000873808 0.000920287 0.000851920 0.000000000 0.000866847 0.000936703 0.000991556 0.000919072 0.000888308 0.000877890 0.000956708 0.000843823 0.000823927 0.000833750 0.000896343 0.001249486 0.001290777 0.000914088 0.000968281 0.000627423 0.000571029 0.001185243 0.001139886 0.001153483 0.001155351 0.001038195 0.001101563 0.000826715 0.000957999 0.000877134 0.000578269 
Ceratopipra_rubrocapilla_PIME460  0.001589712 0.001493336 0.001623786 0.001650267 0.001638253 0.001335082 0.001352432 0.001250390 0.001316355 0.001340511 0.001440709 0.001407935 0.001007655 0.001458562 0.001228505 0.000898755 0.001015204 0.000944007 0.001097280 0.001050141 0.001094478 0.001003061 0.000964711 0.001052298 0.001279704 0.001054403 0.001014217 0.001056942 0.000952828 0.001071206 0.001020501 0.000778475 0.001382700 0.000874421 0.000995371 0.000902148 0.000963445 0.000987362 0.001058077 0.000988605 0.000866847 0.000000000 0.001067253 0.001055835 0.001002839 0.001004896 0.000986000 0.001042666 0.000991897 0.000970909 0.000926169 0.000998315 0.001400513 0.001474561 0.000978373 0.001060506 0.000715320 0.000622368 0.001314563 0.001344184 0.001329754 0.001300307 0.001130477 0.001160157 0.001025784 0.001041606 0.001006670 0.000638871 
Ceratopipra_rubrocapilla_BR033    0.001705950 0.001570773 0.001687818 0.001685483 0.001708273 0.001311009 0.001260357 0.001191659 0.001328782 0.001314818 0.001410210 0.001415791 0.000969246 0.001445814 0.001173196 0.001003830 0.001074892 0.001040350 0.001169502 0.001147358 0.001187713 0.001131968 0.001047494 0.001126906 0.001361910 0.001084856 0.001122700 0.001124208 0.001018494 0.001144572 0.001054351 0.000747568 0.001496808 0.000965258 0.001048358 0.001027629 0.001021764 0.001117748 0.001130235 0.001045736 0.000936703 0.001067253 0.000000000 0.000982226 0.001039232 0.001059663 0.000985535 0.001053650 0.000997683 0.000965381 0.000930473 0.001044875 0.001356035 0.001426543 0.001002609 0.001041643 0.000710039 0.000703219 0.001277718 0.001274056 0.001256747 0.001286158 0.001175198 0.001213930 0.001010626 0.001025342 0.000985154 0.000658519 
Ceratopipra_rubrocapilla_BR036    0.001692911 0.001538426 0.001651596 0.001679758 0.001717543 0.001271771 0.001285130 0.001157618 0.001306264 0.001327038 0.001410739 0.001361721 0.000954969 0.001413874 0.001165763 0.001001159 0.001076689 0.001024374 0.001167367 0.001142536 0.001152175 0.001064850 0.000992542 0.001079695 0.001295646 0.001018283 0.001065110 0.001075655 0.001017072 0.001081775 0.001059381 0.000747479 0.001462065 0.000931334 0.001009978 0.001001326 0.000987015 0.001097230 0.001032491 0.001018731 0.000991556 0.001055835 0.000982226 0.000000000 0.000996668 0.001033724 0.000991703 0.001004499 0.000988213 0.000968089 0.000877006 0.000974136 0.001307153 0.001386477 0.000903370 0.000970332 0.000697441 0.000632677 0.001267221 0.001244944 0.001235037 0.001310910 0.001143277 0.001147786 0.000966865 0.001043314 0.000932402 0.000651782 
Ceratopipra_rubrocapilla_MF005    0.001609120 0.001456006 0.001626478 0.001614262 0.001626438 0.001235555 0.001264008 0.001172373 0.001227542 0.001277319 0.001358094 0.001322645 0.000905909 0.001381571 0.001128422 0.000949289 0.001025472 0.001011086 0.001160818 0.001111035 0.001138617 0.001024950 0.000965474 0.001103707 0.001309264 0.001037549 0.001108490 0.001057005 0.000989776 0.001122191 0.001101606 0.000749764 0.001450174 0.000917157 0.001012650 0.000966109 0.000962182 0.001005869 0.001065054 0.001010014 0.000919072 0.001002839 0.001039232 0.000996668 0.000000000 0.001015384 0.000900783 0.000965073 0.000958099 0.000910774 0.000872022 0.000999619 0.001367577 0.001451512 0.000959849 0.001037576 0.000635990 0.000674033 0.001231758 0.001232068 0.001191984 0.001209467 0.001138711 0.001193967 0.000927026 0.001024285 0.000851388 0.000636620 
Ceratopipra_rubrocapilla_PIME062  0.001620218 0.001505523 0.001586508 0.001610442 0.001658709 0.001341292 0.001314831 0.001245928 0.001308945 0.001332050 0.001411051 0.001402822 0.000977184 0.001447774 0.001206258 0.000916425 0.000975885 0.000984803 0.001097011 0.001063270 0.001124483 0.000960890 0.000979783 0.001058898 0.001249640 0.001015627 0.001016442 0.001041923 0.000973810 0.001070701 0.001022107 0.000789552 0.001383740 0.000903182 0.000972622 0.000958931 0.000932995 0.001018057 0.001004685 0.000964448 0.000888308 0.001004896 0.001059663 0.001033724 0.001015384 0.000000000 0.000991979 0.001013575 0.000919983 0.000963882 0.000962621 0.001000174 0.001446348 0.001410647 0.000976973 0.001030862 0.000700217 0.000682006 0.001311729 0.001323138 0.001237870 0.001319185 0.001135199 0.001167722 0.001018344 0.001050286 0.000981820 0.000577595 
Ceratopipra_rubrocapilla_PIME134  0.001556650 0.001467645 0.001587112 0.001638918 0.001601225 0.001143875 0.001181278 0.001082014 0.001211516 0.001229766 0.001302574 0.001239358 0.000898290 0.001286462 0.001039695 0.000941912 0.001026206 0.000981495 0.001085640 0.001060155 0.001089989 0.001008865 0.000966293 0.001020014 0.001265913 0.000993840 0.001040774 0.001047693 0.000999427 0.001086259 0.001022378 0.000731859 0.001408892 0.000879690 0.000981885 0.000941581 0.000908809 0.000962816 0.001051692 0.000974460 0.000877890 0.000986000 0.000985535 0.000991703 0.000900783 0.000991979 0.000000000 0.000918798 0.000901378 0.000883228 0.000867519 0.000988791 0.001330057 0.001414882 0.000930381 0.000976221 0.000611310 0.000643513 0.001223177 0.001180748 0.001129479 0.001162696 0.001113874 0.001190059 0.000851571 0.000897095 0.000851742 0.000562236 
