      AMA340 0.0007 0.1731 0.0032 0.0002 0.0018 0.7849 0.0357 0.0002 
      AMA601 0.0028 0.1485 0.0045 0.0001 0.0055 0.7956 0.0425 0.0005 
      AMA656 0.0012 0.1402 0.0101 0.0002 0.0032 0.8049 0.0398 0.0004 
    AMANA034 0.0034 0.0367 0.0660 0.0005 0.0106 0.8166 0.0646 0.0016 
    AMANA137 0.0019 0.0133 0.0759 0.0003 0.0065 0.8147 0.0838 0.0035 
      AMZ551 0.0068 0.0262 0.1216 0.0058 0.0325 0.7610 0.0444 0.0018 
      AMZ610 0.0079 0.0208 0.0941 0.0027 0.0392 0.7942 0.0405 0.0006 
       B4615 0.0003 0.1871 0.0030 0.0001 0.0009 0.7846 0.0237 0.0003 
       B5082 0.0003 0.1573 0.0031 0.0002 0.0109 0.7973 0.0306 0.0004 
       BR033 0.0587 0.0009 0.1747 0.0002 0.0006 0.7621 0.0020 0.0007 
       BR036 0.1037 0.0015 0.0892 0.0002 0.0028 0.7706 0.0253 0.0067 
     BR36440 0.0014 0.1101 0.0080 0.0010 0.0012 0.8076 0.0693 0.0013 
      CAM117 0.0004 0.1950 0.0033 0.0002 0.0110 0.7731 0.0167 0.0003 
      CPE012 0.0003 0.0004 0.0027 0.2455 0.0002 0.7038 0.0007 0.0463 
      CPE025 0.0007 0.0003 0.0069 0.2327 0.0006 0.7120 0.0014 0.0454 
      CPE049 0.0007 0.0006 0.0071 0.2101 0.0004 0.7406 0.0009 0.0394 
      CPE069 0.0007 0.0007 0.0147 0.2443 0.0004 0.7067 0.0008 0.0318 
    CPEII008 0.0007 0.0004 0.0045 0.2476 0.0003 0.7060 0.0006 0.0399 
      CUJ027 0.0003 0.1352 0.0055 0.0002 0.0037 0.7857 0.0690 0.0005 
      CUJ072 0.0006 0.1374 0.0134 0.0001 0.0021 0.8003 0.0455 0.0004 
      FPR006 0.0010 0.0021 0.0015 0.0001 0.0004 0.7695 0.2251 0.0003 
      FPR015 0.0014 0.0309 0.0819 0.0002 0.0025 0.8006 0.0809 0.0017 
      FPR021 0.0017 0.0156 0.0838 0.0001 0.0087 0.7724 0.1173 0.0003 
    GAPTO259 0.0023 0.0008 0.0134 0.0432 0.0028 0.7354 0.0012 0.2009 
    GAPTO268 0.0024 0.0006 0.0078 0.0371 0.0003 0.7347 0.0024 0.2146 
    GAPTO277 0.0035 0.0005 0.0256 0.0367 0.0003 0.7896 0.0024 0.1414 
    GAPTO327 0.0004 0.0005 0.0174 0.0438 0.0005 0.7385 0.0035 0.1954 
      MAM010 0.0038 0.0436 0.0657 0.0002 0.0059 0.7952 0.0841 0.0016 
      MAR092 0.0031 0.0371 0.0717 0.0004 0.0033 0.8109 0.0729 0.0006 
       MF005 0.0009 0.0007 0.2191 0.0005 0.0010 0.7626 0.0036 0.0116 
     MPDS628 0.0004 0.0095 0.0703 0.0005 0.0008 0.8241 0.0930 0.0015 
      MSF107 0.0385 0.0023 0.1040 0.0142 0.0146 0.8144 0.0070 0.0051 
       MT087 0.0089 0.0119 0.0070 0.0001 0.1487 0.7613 0.0616 0.0003 
       MT123 0.0021 0.0101 0.0049 0.0001 0.1842 0.7663 0.0320 0.0003 
       OM022 0.0054 0.1153 0.0062 0.0002 0.0014 0.7688 0.1026 0.0003 
       OM112 0.0007 0.0939 0.0024 0.0001 0.0005 0.7670 0.1352 0.0003 
       OM172 0.0021 0.1141 0.0050 0.0002 0.0007 0.7865 0.0911 0.0004 
       OP100 0.0011 0.0465 0.0077 0.0002 0.0675 0.7601 0.1151 0.0018 
     PIME024 0.0014 0.0095 0.1088 0.0003 0.0020 0.7791 0.0986 0.0003 
     PIME062 0.0009 0.0310 0.1019 0.0001 0.0100 0.7871 0.0687 0.0002 
     PIME079 0.0007 0.0477 0.0773 0.0004 0.0027 0.8167 0.0543 0.0003 
     PIME134 0.0008 0.0010 0.1696 0.0041 0.0004 0.7855 0.0015 0.0371 
     PIME135 0.0015 0.0006 0.1957 0.0017 0.0003 0.7762 0.0011 0.0229 
     PIME169 0.0040 0.0287 0.0835 0.0001 0.0058 0.7921 0.0853 0.0005 
     PIME460 0.0010 0.0170 0.0469 0.0002 0.0076 0.7832 0.1437 0.0005 
     PIME482 0.0058 0.0008 0.1901 0.0007 0.0007 0.7935 0.0044 0.0038 
     PIME521 0.0269 0.0029 0.1375 0.0007 0.0026 0.8034 0.0032 0.0226 
     PIME522 0.0445 0.0017 0.1604 0.0009 0.0008 0.7839 0.0058 0.0021 
    PPBIO221 0.0012 0.0007 0.1250 0.0268 0.0006 0.8000 0.0017 0.0441 
    PPBIO305 0.0018 0.0006 0.1490 0.0327 0.0007 0.7848 0.0013 0.0291 
      PPS041 0.0197 0.0187 0.0344 0.0003 0.0831 0.7982 0.0444 0.0011 
      PPS174 0.1261 0.0007 0.0596 0.0007 0.0023 0.8077 0.0025 0.0003 
      PPS221 0.0559 0.0310 0.0056 0.0003 0.0852 0.8114 0.0101 0.0006 
      PPS352 0.0016 0.0119 0.0412 0.0014 0.0646 0.8080 0.0673 0.0039 
      PUC008 0.0010 0.1343 0.0285 0.0001 0.0007 0.7856 0.0495 0.0003 
      RDO007 0.0007 0.0005 0.0945 0.0610 0.0010 0.7639 0.0038 0.0746 
      TLP025 0.0575 0.0062 0.1102 0.0002 0.0284 0.7900 0.0069 0.0005 
      TLP123 0.0827 0.0023 0.0546 0.0001 0.0394 0.7767 0.0438 0.0004 
    UFAC1007 0.0008 0.1513 0.0060 0.0005 0.0023 0.8132 0.0255 0.0005 
     UFAC305 0.0017 0.1269 0.0032 0.0001 0.0014 0.7882 0.0783 0.0002 
     UFAC476 0.0007 0.1427 0.0023 0.0001 0.0008 0.8131 0.0400 0.0003 
      UHE442 0.0010 0.0020 0.1798 0.0184 0.0008 0.7524 0.0023 0.0435 
      UNA002 0.0002 0.0004 0.0014 0.2586 0.0002 0.7177 0.0005 0.0210 
      UNA018 0.0003 0.0002 0.0011 0.2734 0.0002 0.7079 0.0004 0.0164 
      UNA088 0.0007 0.0005 0.0052 0.2271 0.0004 0.7367 0.0028 0.0266 
      UNA110 0.0002 0.0003 0.0010 0.2658 0.0002 0.7096 0.0005 0.0225 
      UNA124 0.0003 0.0004 0.0025 0.2482 0.0004 0.7359 0.0011 0.0113 
       WM281 0.0045 0.0030 0.1587 0.0052 0.0018 0.8037 0.0140 0.0089 
       WM293 0.0037 0.0008 0.1934 0.0011 0.0003 0.7682 0.0034 0.0290 
