      AMA340 0.0009 0.9975 0.0015 
      AMA601 0.0006 0.9958 0.0037 
      AMA656 0.0011 0.9947 0.0042 
    AMANA034 0.0046 0.9288 0.0666 
    AMANA137 0.0019 0.8363 0.1618 
      AMZ551 0.0910 0.7351 0.1738 
      AMZ610 0.0755 0.8492 0.0753 
       B4615 0.0007 0.9976 0.0017 
       B5082 0.0009 0.9963 0.0027 
       BR033 0.0293 0.6402 0.3304 
       BR036 0.0028 0.6723 0.3249 
     BR36440 0.0050 0.9843 0.0107 
      CAM117 0.0013 0.9968 0.0019 
      CPE012 0.8833 0.0032 0.1135 
      CPE025 0.8643 0.0039 0.1318 
      CPE049 0.8513 0.0094 0.1393 
      CPE069 0.9185 0.0066 0.0749 
    CPEII008 0.9004 0.0029 0.0967 
      CUJ027 0.0009 0.9919 0.0072 
      CUJ072 0.0007 0.9920 0.0073 
      FPR006 0.0009 0.9542 0.0449 
      FPR015 0.0039 0.8385 0.1577 
      FPR021 0.0010 0.8745 0.1245 
    GAPTO259 0.2383 0.0046 0.7571 
    GAPTO268 0.2199 0.0037 0.7765 
    GAPTO277 0.2415 0.0653 0.6932 
    GAPTO327 0.2507 0.0063 0.7430 
      MAM010 0.0017 0.8794 0.1189 
      MAR092 0.0071 0.8916 0.1012 
       MF005 0.0895 0.5551 0.3553 
     MPDS628 0.0050 0.8430 0.1521 
      MSF107 0.1056 0.5249 0.3695 
       MT087 0.0011 0.8889 0.1100 
       MT123 0.0005 0.9061 0.0934 
       OM022 0.0013 0.9881 0.0106 
       OM112 0.0007 0.9948 0.0046 
       OM172 0.0013 0.9907 0.0079 
       OP100 0.0017 0.9001 0.0983 
     PIME024 0.0153 0.8448 0.1399 
     PIME062 0.0007 0.8966 0.1026 
     PIME079 0.0242 0.9243 0.0514 
     PIME134 0.1187 0.5073 0.3741 
     PIME135 0.0997 0.4988 0.4015 
     PIME169 0.0014 0.8682 0.1303 
     PIME460 0.0018 0.9097 0.0885 
     PIME482 0.0650 0.6201 0.3149 
     PIME521 0.0195 0.6097 0.3708 
     PIME522 0.0822 0.6438 0.2740 
    PPBIO221 0.1850 0.4299 0.3850 
    PPBIO305 0.2160 0.4284 0.3556 
      PPS041 0.0028 0.8759 0.1213 
      PPS174 0.0170 0.6839 0.2990 
      PPS221 0.0012 0.8982 0.1006 
      PPS352 0.0091 0.8507 0.1402 
      PUC008 0.0008 0.9921 0.0070 
      RDO007 0.3063 0.2565 0.4372 
      TLP025 0.0042 0.7559 0.2399 
      TLP123 0.0010 0.7743 0.2247 
    UFAC1007 0.0020 0.9935 0.0045 
     UFAC305 0.0005 0.9978 0.0017 
     UFAC476 0.0006 0.9967 0.0027 
      UHE442 0.1749 0.4589 0.3661 
      UNA002 0.9860 0.0032 0.0108 
      UNA018 0.9929 0.0025 0.0046 
      UNA088 0.8964 0.0319 0.0717 
      UNA110 0.9882 0.0030 0.0088 
      UNA124 0.9808 0.0098 0.0094 
       WM281 0.1261 0.6250 0.2489 
       WM293 0.1021 0.5238 0.3741 
