      AMA340 0.0029 0.0002 0.0037 0.2030 0.7843 0.0003 0.0006 0.0050 
      AMA601 0.0045 0.0001 0.0035 0.1763 0.7952 0.0005 0.0024 0.0175 
      AMA656 0.0104 0.0002 0.0037 0.1669 0.8044 0.0004 0.0011 0.0130 
    AMANA034 0.0755 0.0005 0.0160 0.0544 0.8163 0.0018 0.0027 0.0328 
    AMANA137 0.0995 0.0003 0.0288 0.0292 0.8139 0.0031 0.0012 0.0241 
      AMZ551 0.1239 0.0057 0.0079 0.0387 0.7601 0.0024 0.0062 0.0551 
      AMZ610 0.0971 0.0024 0.0063 0.0312 0.7935 0.0007 0.0061 0.0628 
       B4615 0.0022 0.0001 0.0042 0.2069 0.7840 0.0003 0.0003 0.0020 
       B5082 0.0023 0.0002 0.0015 0.1804 0.7966 0.0003 0.0003 0.0185 
       BR033 0.1739 0.0002 0.0005 0.0012 0.7614 0.0009 0.0603 0.0015 
       BR036 0.1086 0.0002 0.0035 0.0026 0.7698 0.0054 0.1003 0.0096 
     BR36440 0.0088 0.0010 0.0179 0.1588 0.8072 0.0015 0.0015 0.0033 
      CAM117 0.0022 0.0002 0.0025 0.2117 0.7725 0.0003 0.0003 0.0103 
      CPE012 0.0018 0.2337 0.0003 0.0005 0.7023 0.0608 0.0003 0.0003 
      CPE025 0.0047 0.2213 0.0006 0.0004 0.7107 0.0607 0.0005 0.0010 
      CPE049 0.0048 0.2000 0.0003 0.0006 0.7394 0.0536 0.0005 0.0007 
      CPE069 0.0120 0.2351 0.0003 0.0007 0.7056 0.0447 0.0007 0.0008 
    CPEII008 0.0030 0.2365 0.0003 0.0004 0.7047 0.0541 0.0005 0.0005 
      CUJ027 0.0091 0.0001 0.0108 0.1733 0.7852 0.0005 0.0002 0.0206 
      CUJ072 0.0198 0.0001 0.0054 0.1648 0.7999 0.0005 0.0005 0.0091 
      FPR006 0.0017 0.0001 0.2209 0.0071 0.7671 0.0003 0.0010 0.0017 
      FPR015 0.1025 0.0002 0.0191 0.0565 0.8000 0.0015 0.0010 0.0192 
      FPR021 0.1115 0.0001 0.0364 0.0438 0.7716 0.0003 0.0008 0.0355 
    GAPTO259 0.0042 0.0362 0.0003 0.0007 0.7338 0.2217 0.0010 0.0021 
    GAPTO268 0.0024 0.0298 0.0005 0.0006 0.7330 0.2324 0.0008 0.0005 
    GAPTO277 0.0138 0.0318 0.0023 0.0006 0.7884 0.1594 0.0030 0.0007 
    GAPTO327 0.0055 0.0376 0.0015 0.0007 0.7369 0.2168 0.0003 0.0008 
      MAM010 0.0825 0.0002 0.0331 0.0634 0.7945 0.0014 0.0019 0.0230 
      MAR092 0.0876 0.0003 0.0238 0.0567 0.8104 0.0006 0.0020 0.0185 
       MF005 0.2128 0.0006 0.0013 0.0010 0.7619 0.0185 0.0010 0.0028 
     MPDS628 0.0938 0.0004 0.0452 0.0296 0.8236 0.0013 0.0003 0.0058 
      MSF107 0.0988 0.0163 0.0036 0.0026 0.8137 0.0065 0.0404 0.0179 
       MT087 0.0043 0.0001 0.0028 0.0173 0.7595 0.0003 0.0039 0.2118 
       MT123 0.0018 0.0001 0.0014 0.0030 0.7639 0.0002 0.0010 0.2286 
       OM022 0.0108 0.0002 0.0428 0.1603 0.7683 0.0003 0.0087 0.0086 
       OM112 0.0052 0.0001 0.0777 0.1458 0.7664 0.0004 0.0012 0.0032 
       OM172 0.0080 0.0002 0.0407 0.1560 0.7860 0.0004 0.0039 0.0047 
       OP100 0.0088 0.0002 0.0315 0.0751 0.7588 0.0013 0.0008 0.1235 
     PIME024 0.1380 0.0002 0.0362 0.0326 0.7784 0.0003 0.0009 0.0134 
     PIME062 0.1196 0.0001 0.0074 0.0519 0.7866 0.0003 0.0007 0.0336 
     PIME079 0.0942 0.0004 0.0099 0.0668 0.8161 0.0003 0.0006 0.0118 
     PIME134 0.1617 0.0052 0.0005 0.0012 0.7849 0.0447 0.0008 0.0009 
     PIME135 0.1876 0.0019 0.0005 0.0008 0.7756 0.0316 0.0014 0.0006 
     PIME169 0.1047 0.0001 0.0187 0.0532 0.7914 0.0005 0.0021 0.0293 
     PIME460 0.0759 0.0002 0.0503 0.0510 0.7822 0.0004 0.0006 0.0394 
     PIME482 0.1910 0.0008 0.0008 0.0013 0.7930 0.0065 0.0048 0.0019 
     PIME521 0.1315 0.0007 0.0014 0.0030 0.8028 0.0295 0.0263 0.0047 
     PIME522 0.1610 0.0011 0.0015 0.0023 0.7833 0.0036 0.0449 0.0024 
    PPBIO221 0.1168 0.0258 0.0006 0.0009 0.7994 0.0542 0.0011 0.0011 
    PPBIO305 0.1416 0.0329 0.0007 0.0007 0.7842 0.0368 0.0019 0.0012 
      PPS041 0.0248 0.0003 0.0089 0.0235 0.7971 0.0012 0.0191 0.1251 
      PPS174 0.0558 0.0007 0.0015 0.0009 0.8071 0.0005 0.1301 0.0035 
      PPS221 0.0033 0.0002 0.0025 0.0229 0.8099 0.0005 0.0498 0.1109 
      PPS352 0.0449 0.0012 0.0113 0.0253 0.8075 0.0037 0.0013 0.1048 
      PUC008 0.0401 0.0001 0.0084 0.1629 0.7850 0.0003 0.0007 0.0024 
      RDO007 0.0848 0.0575 0.0029 0.0007 0.7630 0.0888 0.0008 0.0017 
      TLP025 0.1042 0.0002 0.0008 0.0065 0.7893 0.0006 0.0584 0.0399 
      TLP123 0.0669 0.0001 0.0091 0.0042 0.7757 0.0004 0.0787 0.0649 
    UFAC1007 0.0049 0.0004 0.0011 0.1737 0.8126 0.0005 0.0006 0.0063 
     UFAC305 0.0063 0.0001 0.0191 0.1702 0.7878 0.0002 0.0019 0.0144 
     UFAC476 0.0029 0.0001 0.0070 0.1730 0.8127 0.0004 0.0007 0.0031 
      UHE442 0.1705 0.0191 0.0006 0.0026 0.7515 0.0532 0.0010 0.0015 
      UNA002 0.0012 0.2531 0.0002 0.0004 0.7169 0.0276 0.0002 0.0004 
      UNA018 0.0010 0.2684 0.0002 0.0003 0.7071 0.0225 0.0002 0.0004 
      UNA088 0.0049 0.2205 0.0011 0.0007 0.7359 0.0353 0.0007 0.0009 
      UNA110 0.0010 0.2608 0.0002 0.0003 0.7088 0.0285 0.0001 0.0003 
      UNA124 0.0024 0.2430 0.0005 0.0006 0.7351 0.0175 0.0002 0.0007 
       WM281 0.1597 0.0056 0.0020 0.0050 0.8032 0.0136 0.0043 0.0066 
       WM293 0.1841 0.0013 0.0046 0.0010 0.7675 0.0367 0.0041 0.0007 
