      AMA340 0.7827 0.0002 0.2135 0.0002 0.0033 
      AMA601 0.7931 0.0005 0.1955 0.0001 0.0108 
      AMA656 0.8024 0.0004 0.1829 0.0002 0.0141 
    AMANA034 0.8137 0.0016 0.0712 0.0006 0.1129 
    AMANA137 0.8113 0.0038 0.0564 0.0003 0.1281 
      AMZ551 0.7574 0.0020 0.0545 0.0077 0.1785 
      AMZ610 0.7906 0.0006 0.0447 0.0027 0.1614 
       B4615 0.7821 0.0003 0.2154 0.0002 0.0021 
       B5082 0.7946 0.0004 0.2008 0.0002 0.0041 
       BR033 0.7596 0.0024 0.0012 0.0004 0.2364 
       BR036 0.7671 0.0055 0.0021 0.0002 0.2252 
     BR36440 0.8047 0.0013 0.1834 0.0012 0.0094 
      CAM117 0.7702 0.0003 0.2264 0.0002 0.0028 
      CPE012 0.6994 0.0451 0.0004 0.2536 0.0014 
      CPE025 0.7079 0.0462 0.0005 0.2414 0.0041 
      CPE049 0.7367 0.0402 0.0006 0.2193 0.0031 
      CPE069 0.7028 0.0345 0.0008 0.2550 0.0069 
    CPEII008 0.7019 0.0401 0.0004 0.2556 0.0020 
      CUJ027 0.7832 0.0006 0.1977 0.0002 0.0183 
      CUJ072 0.7981 0.0005 0.1807 0.0001 0.0206 
      FPR006 0.7681 0.0003 0.1201 0.0001 0.1113 
      FPR015 0.7980 0.0024 0.0789 0.0003 0.1203 
      FPR021 0.7698 0.0003 0.0720 0.0001 0.1578 
    GAPTO259 0.7321 0.2122 0.0008 0.0496 0.0053 
    GAPTO268 0.7314 0.2223 0.0006 0.0427 0.0029 
    GAPTO277 0.7867 0.1529 0.0009 0.0426 0.0169 
    GAPTO327 0.7350 0.2088 0.0009 0.0502 0.0051 
      MAM010 0.7925 0.0015 0.0925 0.0002 0.1133 
      MAR092 0.8084 0.0007 0.0798 0.0005 0.1107 
       MF005 0.7605 0.0325 0.0025 0.0035 0.2009 
     MPDS628 0.8217 0.0022 0.0611 0.0006 0.1144 
      MSF107 0.8106 0.0053 0.0030 0.0171 0.1640 
       MT087 0.7578 0.0002 0.0493 0.0001 0.1927 
       MT123 0.7625 0.0002 0.0245 0.0001 0.2128 
       OM022 0.7664 0.0003 0.1942 0.0002 0.0390 
       OM112 0.7650 0.0004 0.2071 0.0001 0.0273 
       OM172 0.7842 0.0004 0.1897 0.0002 0.0255 
       OP100 0.7566 0.0006 0.1100 0.0002 0.1327 
     PIME024 0.7767 0.0004 0.0585 0.0004 0.1640 
     PIME062 0.7845 0.0003 0.0701 0.0001 0.1451 
     PIME079 0.8139 0.0004 0.0839 0.0006 0.1012 
     PIME134 0.7835 0.0520 0.0027 0.0187 0.1431 
     PIME135 0.7744 0.0401 0.0014 0.0138 0.1703 
     PIME169 0.7893 0.0006 0.0733 0.0002 0.1366 
     PIME460 0.7800 0.0004 0.0888 0.0002 0.1306 
     PIME482 0.7912 0.0176 0.0025 0.0032 0.1855 
     PIME521 0.8011 0.0360 0.0036 0.0010 0.1583 
     PIME522 0.7816 0.0092 0.0037 0.0043 0.2012 
    PPBIO221 0.7977 0.0567 0.0014 0.0372 0.1070 
    PPBIO305 0.7823 0.0427 0.0011 0.0436 0.1303 
      PPS041 0.7944 0.0005 0.0376 0.0002 0.1673 
      PPS174 0.8048 0.0004 0.0008 0.0006 0.1935 
      PPS221 0.8079 0.0003 0.0297 0.0002 0.1619 
      PPS352 0.8045 0.0028 0.0457 0.0014 0.1457 
      PUC008 0.7832 0.0003 0.1825 0.0002 0.0339 
      RDO007 0.7611 0.0858 0.0010 0.0707 0.0814 
      TLP025 0.7872 0.0005 0.0054 0.0002 0.2067 
      TLP123 0.7729 0.0003 0.0031 0.0001 0.2236 
    UFAC1007 0.8104 0.0004 0.1832 0.0004 0.0056 
     UFAC305 0.7860 0.0002 0.1965 0.0001 0.0172 
     UFAC476 0.8106 0.0003 0.1857 0.0002 0.0032 
      UHE442 0.7500 0.0584 0.0081 0.0323 0.1513 
      UNA002 0.7135 0.0173 0.0004 0.2678 0.0010 
      UNA018 0.7038 0.0108 0.0003 0.2840 0.0011 
      UNA088 0.7330 0.0245 0.0009 0.2374 0.0042 
      UNA110 0.7054 0.0190 0.0003 0.2744 0.0008 
      UNA124 0.7322 0.0066 0.0006 0.2584 0.0022 
       WM281 0.8012 0.0178 0.0102 0.0145 0.1562 
       WM293 0.7660 0.0451 0.0022 0.0075 0.1792 
