102
B27638_Cchl  0.0000000 0.0409565 0.0572028 0.7054140 0.1361917 0.1136567 0.1320110 0.1320110 0.1380551 0.1280374 0.1211157 0.1159247 0.1097423 0.1097423 0.1081045 0.1081045 0.1263680 0.1022108 0.1192710 0.1257182 0.1022108 0.1250219 0.1222666 0.1282996 0.1282996 0.1471190 0.1415151 0.1282996 0.1222666 0.1344600 0.1387148 0.1344600 0.1095074 0.1286778 0.1407128 0.1282996 0.1282996 0.1344288 0.1565277 0.1344288 0.1352054 0.1415151 0.1419814 0.1344600 0.1419481 0.1282996 0.1335893 0.1366347 0.1344288 0.1471190 0.1222666 0.1282996 0.1538144 0.1356133 0.1511773 0.1352054 0.1336645 0.3762328 0.1282996 0.1344288 0.1415151 0.1488914 0.1100563 0.1214768 0.1289898 0.1352054 0.1344288 0.2049754 0.1419481 0.1415151 0.3035304 0.1356133 0.1352054 0.1352054 0.1385084 0.1407455 0.1423639 0.1100563 0.1352054 0.1282996 0.1448890 0.1282700 0.1282996 0.1352054 0.1344600 0.1031087 0.1419814 0.1517993 0.1343976 0.1419814 0.1432448 0.1275906 0.1282996 0.1488562 0.1282700 0.1527251 0.1352054 0.1352054 0.1462315 0.1462315 0.1457280 0.1382816 
B9014_Cchl   0.0409565 0.0000000 0.0188021 0.8126957 0.1597189 0.1217293 0.1266787 0.1266787 0.1323318 0.1228981 0.1292324 0.1241066 0.1179266 0.1179266 0.1161966 0.1161966 0.1229226 0.1226562 0.1273063 0.1337445 0.1102628 0.1330043 0.1425692 0.1487560 0.1487560 0.1678597 0.1623408 0.1487560 0.1425692 0.1550426 0.1602453 0.1550426 0.1429545 0.1491963 0.1613885 0.1487560 0.1487560 0.1550080 0.1777019 0.1550080 0.1559393 0.1623408 0.1628706 0.1550426 0.1628339 0.1487560 0.1547535 0.1575155 0.1550080 0.1678597 0.1425692 0.1487560 0.1757899 0.1564091 0.1697634 0.1559393 0.1693472 0.4112985 0.1487560 0.1550080 0.1623408 0.1699309 0.1298353 0.1426917 0.1495976 0.1559393 0.1550080 0.2432936 0.1478943 0.1623408 0.3346005 0.1564091 0.1559393 0.1559393 0.1599748 0.1614245 0.1633447 0.1298353 0.1559393 0.1487560 0.1664654 0.1487227 0.1487560 0.1559393 0.1550426 0.1222688 0.1628706 0.1734423 0.1549733 0.1628706 0.1643483 0.1628339 0.1487560 0.1698927 0.1487227 0.1788206 0.1559393 0.1559393 0.1680381 0.1680381 0.1674659 0.1597449 
B106768_Cchl 0.0572028 0.0188021 0.0000000 1.2236345 0.1908225 0.1455770 0.1388543 0.1388543 0.1447357 0.1469694 0.1539310 0.1485071 0.1417721 0.1417721 0.1396144 0.1396144 0.1471689 0.1467887 0.1515626 0.1463671 0.1330618 0.1576621 0.1688684 0.1754815 0.1754815 0.1957309 0.1900934 0.1754815 0.1688684 0.1821742 0.1890206 0.1821742 0.1693472 0.1760218 0.1888988 0.1754815 0.1754815 0.1821339 0.2065931 0.1821339 0.1833129 0.1900934 0.1907299 0.1821742 0.1906877 0.1754815 0.1826527 0.1851538 0.1821339 0.1957309 0.1688684 0.1754815 0.2058399 0.1838842 0.2064220 0.1833129 0.1975546 0.5108831 0.1754815 0.1821339 0.1900934 0.1982923 0.1550080 0.1703608 0.1765632 0.1833129 0.1821339 0.2974763 0.1743775 0.1900934 0.4043990 0.1838842 0.1833129 0.1833129 0.1886422 0.1889403 0.1913482 0.1550080 0.1833129 0.1754815 0.1955649 0.1754424 0.1754815 0.1833129 0.1689062 0.1463031 0.1907299 0.2029367 0.1820936 0.1907299 0.1925566 0.1906877 0.1754815 0.1982487 0.1754424 0.2185135 0.1833129 0.1833129 0.1975225 0.1975225 0.1968299 0.1884078 
CAM107_In    0.7054140 0.8126957 1.2236345 0.0000000 0.1535563 0.1500362 0.2512834 0.2512834 0.2512834 0.2179341 0.1498896 0.1500362 0.1239098 0.1239098 0.1239098 0.1239098 0.2216297 0.1559610 0.1781700 0.1500362 0.1239098 0.2084055 0.0727960 0.0914243 0.0914243 0.1116213 0.0392847 0.0914243 0.0727960 0.0728537 0.0557207 0.0728537 0.1373813 0.0557207 0.0914243 0.0914243 0.0557207 0.0727960 0.1184981 0.0727960 0.0392847 0.0392847 0.0939065 0.0557207 0.0727960 0.0557207 0.0914243 0.0727960 0.1115283 0.1116213 0.1115283 0.0914243 0.0392847 0.0914243 0.0727960 0.0738762 0.0938273 0.1204053 0.0392847 0.0557207 0.0928970 0.1159167 0.1114354 0.1114354 0.0928970 0.0392847 0.0557207 0.0727960 0.0938273 0.0928970 0.1507408 0.0557207 0.0738762 0.0738762 0.0557207 0.0728537 0.0945201 0.1114354 0.0738762 0.0914243 0.0994326 0.0913497 0.0727960 0.0738762 0.0728537 0.1265540 0.0939065 0.1235553 0.1114354 0.0557207 0.0745665 0.0938273 0.0392847 0.1158153 0.0727960 0.0728537 0.0738762 0.0738762 0.0557207 0.0745665 0.0727960 0.0557207 
CAM009_In    0.1361917 0.1597189 0.1908225 0.1535563 0.0000000 0.0304938 0.0436015 0.0436015 0.0481123 0.0391807 0.0304874 0.0304938 0.0263838 0.0263838 0.0263838 0.0263838 0.0304206 0.0306447 0.0346812 0.0347947 0.0306447 0.0389672 0.0351989 0.0395772 0.0395772 0.0533290 0.0487954 0.0395772 0.0351989 0.0440587 0.0549419 0.0440587 0.0397813 0.0492074 0.0486350 0.0395772 0.0395772 0.0440491 0.0588623 0.0440491 0.0441981 0.0441981 0.0489246 0.0440587 0.0489137 0.0395772 0.0395772 0.0440491 0.0440491 0.0533290 0.0351989 0.0395772 0.0547915 0.0395772 0.0387174 0.0441981 0.0536325 0.0895848 0.0490874 0.0440491 0.0487954 0.0537094 0.0395687 0.0448636 0.0396973 0.0441981 0.0395772 0.0389506 0.0489137 0.0487954 0.1065844 0.0443033 0.0441981 0.0441981 0.0448737 0.0486458 0.0489681 0.0395687 0.0441981 0.0395772 0.0446348 0.0395687 0.0486350 0.0441981 0.0440587 0.0071057 0.0489246 0.0543667 0.0440394 0.0489246 0.0492074 0.0489137 0.0490874 0.0536973 0.0395687 0.0579800 0.0441981 0.0441981 0.0497604 0.0497604 0.0496261 0.0447788 
UNA018_At    0.1136567 0.1217293 0.1455770 0.1500362 0.0304938 0.0000000 0.0155197 0.0155197 0.0187984 0.0124341 0.0092048 0.0061030 0.0030129 0.0030129 0.0029812 0.0029812 0.0123034 0.0060378 0.0091061 0.0122800 0.0060378 0.0122526 0.0223030 0.0257416 0.0257416 0.0292481 0.0328969 0.0257416 0.0223030 0.0292481 0.0372799 0.0292481 0.0294896 0.0331089 0.0328183 0.0257416 0.0257416 0.0292428 0.0405603 0.0292428 0.0293157 0.0328969 0.0329658 0.0292481 0.0329599 0.0257416 0.0265316 0.0295830 0.0292428 0.0292481 0.0223030 0.0257416 0.0372063 0.0293709 0.0292871 0.0293157 0.0366200 0.0695363 0.0330454 0.0292428 0.0328969 0.0366535 0.0293656 0.0339752 0.0257989 0.0293157 0.0292428 0.0388099 0.0329599 0.0328969 0.0691625 0.0293709 0.0293157 0.0293157 0.0296590 0.0328242 0.0329820 0.0293656 0.0293157 0.0257416 0.0332375 0.0257370 0.0328183 0.0293157 0.0292481 0.0187619 0.0329658 0.0369972 0.0292376 0.0329658 0.0331089 0.0329599 0.0330454 0.0366468 0.0257370 0.0445354 0.0293157 0.0293157 0.0333834 0.0333834 0.0333125 0.0296057 
UNA002_At    0.1320110 0.1266787 0.1388543 0.2512834 0.0436015 0.0155197 0.0000000 0.0000010 0.0029851 0.0030169 0.0124320 0.0157481 0.0124341 0.0124341 0.0122991 0.0122991 0.0222369 0.0155777 0.0122970 0.0221896 0.0155777 0.0155144 0.0329539 0.0366200 0.0366200 0.0403602 0.0442867 0.0366200 0.0329539 0.0403602 0.0492419 0.0403602 0.0407248 0.0445952 0.0441680 0.0366200 0.0366200 0.0403527 0.0525641 0.0403527 0.0404648 0.0442867 0.0443845 0.0403602 0.0443762 0.0366200 0.0377791 0.0408393 0.0403527 0.0403602 0.0329539 0.0366200 0.0491332 0.0405453 0.0437171 0.0404648 0.0482845 0.1006220 0.0445047 0.0403527 0.0442867 0.0483387 0.0405378 0.0458285 0.0367115 0.0404648 0.0403527 0.0588473 0.0365223 0.0442867 0.0972961 0.0405453 0.0404648 0.0404648 0.0409763 0.0441762 0.0444146 0.0405378 0.0404648 0.0366200 0.0447883 0.0366133 0.0441680 0.0404648 0.0329599 0.0290758 0.0443845 0.0488250 0.0403453 0.0443845 0.0445952 0.0443762 0.0445047 0.0483296 0.0366133 0.0607606 0.0404648 0.0404648 0.0450037 0.0450037 0.0449028 0.0409027 
UNA110_At    0.1320110 0.1266787 0.1388543 0.2512834 0.0436015 0.0155197 0.0000010 0.0000000 0.0029851 0.0030169 0.0124320 0.0157481 0.0124341 0.0124341 0.0122991 0.0122991 0.0222369 0.0155777 0.0122970 0.0221896 0.0155777 0.0155144 0.0329539 0.0366200 0.0366200 0.0403602 0.0442867 0.0366200 0.0329539 0.0403602 0.0492419 0.0403602 0.0407248 0.0445952 0.0441680 0.0366200 0.0366200 0.0403527 0.0525641 0.0403527 0.0404648 0.0442867 0.0443845 0.0403602 0.0443762 0.0366200 0.0377791 0.0408393 0.0403527 0.0403602 0.0329539 0.0366200 0.0491332 0.0405453 0.0437171 0.0404648 0.0482845 0.1006220 0.0445047 0.0403527 0.0442867 0.0483387 0.0405378 0.0458285 0.0367115 0.0404648 0.0403527 0.0588473 0.0365223 0.0442867 0.0972961 0.0405453 0.0404648 0.0404648 0.0409763 0.0441762 0.0444146 0.0405378 0.0404648 0.0366200 0.0447883 0.0366133 0.0441680 0.0404648 0.0329599 0.0290758 0.0443845 0.0488250 0.0403453 0.0443845 0.0445952 0.0443762 0.0445047 0.0483296 0.0366133 0.0607606 0.0404648 0.0404648 0.0450037 0.0450037 0.0449028 0.0409027 
UNA088_At    0.1380551 0.1323318 0.1447357 0.2512834 0.0481123 0.0187984 0.0029851 0.0029851 0.0000000 0.0060889 0.0156863 0.0190775 0.0156891 0.0156891 0.0155171 0.0155171 0.0256593 0.0188705 0.0155144 0.0256027 0.0188705 0.0187919 0.0366133 0.0403527 0.0403527 0.0441680 0.0481856 0.0403527 0.0366133 0.0441680 0.0533398 0.0441680 0.0445784 0.0485293 0.0480517 0.0403527 0.0403527 0.0441598 0.0566627 0.0441598 0.0442867 0.0481856 0.0482936 0.0441680 0.0482845 0.0403527 0.0416411 0.0446979 0.0441598 0.0441680 0.0366133 0.0403527 0.0532179 0.0443762 0.0487152 0.0442867 0.0522718 0.1006220 0.0484292 0.0441598 0.0481856 0.0523341 0.0443679 0.0498945 0.0404574 0.0442867 0.0441598 0.0658772 0.0402414 0.0481856 0.1072027 0.0443762 0.0442867 0.0442867 0.0448602 0.0480607 0.0483296 0.0443679 0.0442867 0.0403527 0.0487472 0.0403453 0.0480517 0.0442867 0.0366200 0.0326200 0.0482936 0.0528726 0.0441516 0.0482936 0.0485293 0.0482845 0.0484292 0.0523242 0.0403453 0.0663658 0.0442867 0.0442867 0.0489883 0.0489883 0.0488767 0.0447799 
CPE066_At    0.1280374 0.1228981 0.1469694 0.2179341 0.0391807 0.0124341 0.0030169 0.0030169 0.0060889 0.0000000 0.0092361 0.0124784 0.0092376 0.0092376 0.0092376 0.0092376 0.0190880 0.0124799 0.0092361 0.0190483 0.0124799 0.0124299 0.0297035 0.0333431 0.0333431 0.0370570 0.0409469 0.0333431 0.0297035 0.0370570 0.0457890 0.0370570 0.0373871 0.0412291 0.0408393 0.0333431 0.0333431 0.0370502 0.0491435 0.0370502 0.0371511 0.0409469 0.0410370 0.0370570 0.0410293 0.0333431 0.0339879 0.0370502 0.0370502 0.0370570 0.0297035 0.0333431 0.0456897 0.0372246 0.0388335 0.0371511 0.0449116 0.0900848 0.0411458 0.0370502 0.0409469 0.0449598 0.0372177 0.0419274 0.0334247 0.0371511 0.0370502 0.0520318 0.0332560 0.0409469 0.0877556 0.0372246 0.0371511 0.0371511 0.0376157 0.0408470 0.0410628 0.0372177 0.0371511 0.0333431 0.0414042 0.0333370 0.0408393 0.0371511 0.0370570 0.0258865 0.0410370 0.0454085 0.0370433 0.0410370 0.0412291 0.0410293 0.0411458 0.0449513 0.0333370 0.0562122 0.0371511 0.0371511 0.0416005 0.0416005 0.0415076 0.0375473 
CPE012_At    0.1211157 0.1292324 0.1539310 0.1498896 0.0304874 0.0092048 0.0124320 0.0124320 0.0156863 0.0092361 0.0000000 0.0092372 0.0060796 0.0060796 0.0060796 0.0060796 0.0156927 0.0092376 0.0060786 0.0156614 0.0092376 0.0092017 0.0260287 0.0295777 0.0295777 0.0331979 0.0369774 0.0295777 0.0260287 0.0331979 0.0416005 0.0331979 0.0334836 0.0372246 0.0368844 0.0295777 0.0295777 0.0331919 0.0449286 0.0331919 0.0332786 0.0296470 0.0370570 0.0331979 0.0370502 0.0295777 0.0301425 0.0331919 0.0331919 0.0331979 0.0260287 0.0295777 0.0415141 0.0333431 0.0292804 0.0332786 0.0408317 0.0695073 0.0371511 0.0331919 0.0369774 0.0408724 0.0333370 0.0378384 0.0296470 0.0332786 0.0331919 0.0387982 0.0370502 0.0369774 0.0691363 0.0333431 0.0332786 0.0332786 0.0336827 0.0368911 0.0370778 0.0333370 0.0332786 0.0295777 0.0373762 0.0295723 0.0368844 0.0332786 0.0331979 0.0223403 0.0370570 0.0412690 0.0331858 0.0370570 0.0372246 0.0370502 0.0371511 0.0408648 0.0295723 0.0504574 0.0332786 0.0332786 0.0375473 0.0375473 0.0374653 0.0336216 
CPE025_At    0.1159247 0.1241066 0.1485071 0.1500362 0.0304938 0.0061030 0.0157481 0.0157481 0.0190775 0.0124784 0.0092372 0.0000000 0.0030233 0.0030233 0.0030233 0.0030233 0.0124829 0.0061243 0.0092372 0.0092575 0.0061243 0.0124306 0.0226401 0.0261343 0.0261343 0.0296986 0.0334100 0.0261343 0.0226401 0.0296986 0.0378810 0.0296986 0.0299482 0.0336291 0.0333286 0.0261343 0.0261343 0.0296932 0.0412105 0.0296932 0.0297685 0.0334100 0.0334812 0.0296986 0.0334750 0.0261343 0.0265316 0.0296932 0.0296932 0.0296986 0.0226401 0.0261343 0.0378047 0.0298255 0.0292871 0.0297685 0.0371979 0.0695363 0.0335635 0.0296932 0.0334100 0.0372327 0.0298201 0.0341749 0.0261936 0.0297685 0.0296932 0.0388099 0.0334750 0.0334100 0.0691625 0.0298255 0.0297685 0.0297685 0.0301232 0.0333347 0.0334981 0.0298201 0.0297685 0.0261343 0.0337622 0.0261296 0.0333286 0.0297685 0.0296986 0.0190399 0.0334812 0.0375880 0.0296878 0.0334812 0.0336291 0.0334750 0.0335635 0.0372258 0.0261296 0.0454817 0.0297685 0.0297685 0.0339131 0.0339131 0.0338399 0.0300683 
CPE049_At    0.1097423 0.1179266 0.1417721 0.1239098 0.0263838 0.0030129 0.0124341 0.0124341 0.0156891 0.0092376 0.0060796 0.0030233 0.0000000 0.0000010 0.0000010 0.0000010 0.0092405 0.0030231 0.0060796 0.0092234 0.0030231 0.0092032 0.0191444 0.0225572 0.0225572 0.0260380 0.0296523 0.0225572 0.0191444 0.0260380 0.0339349 0.0260380 0.0262498 0.0298414 0.0295830 0.0225572 0.0225572 0.0260333 0.0372385 0.0260333 0.0260968 0.0296523 0.0297142 0.0260380 0.0297089 0.0225572 0.0229816 0.0260333 0.0260333 0.0260380 0.0191444 0.0225572 0.0338692 0.0261458 0.0247889 0.0260968 0.0333431 0.0604226 0.0297843 0.0260333 0.0296523 0.0333721 0.0261411 0.0303140 0.0226063 0.0260968 0.0260333 0.0327089 0.0297089 0.0296523 0.0608990 0.0261458 0.0260968 0.0260968 0.0263993 0.0295883 0.0297275 0.0261411 0.0260968 0.0225572 0.0299551 0.0225532 0.0295830 0.0260968 0.0260380 0.0156587 0.0297142 0.0336827 0.0260287 0.0297142 0.0298414 0.0297089 0.0297843 0.0333660 0.0225532 0.0401611 0.0260968 0.0260968 0.0300846 0.0300846 0.0300210 0.0263513 
CPE067_At    0.1097423 0.1179266 0.1417721 0.1239098 0.0263838 0.0030129 0.0124341 0.0124341 0.0156891 0.0092376 0.0060796 0.0030233 0.0000010 0.0000000 0.0000010 0.0000010 0.0092405 0.0030231 0.0060796 0.0092234 0.0030231 0.0092032 0.0191444 0.0225572 0.0225572 0.0260380 0.0296523 0.0225572 0.0191444 0.0260380 0.0339349 0.0260380 0.0262498 0.0298414 0.0295830 0.0225572 0.0225572 0.0260333 0.0372385 0.0260333 0.0260968 0.0296523 0.0297142 0.0260380 0.0297089 0.0225572 0.0229816 0.0260333 0.0260333 0.0260380 0.0191444 0.0225572 0.0338692 0.0261458 0.0247889 0.0260968 0.0333431 0.0604226 0.0297843 0.0260333 0.0296523 0.0333721 0.0261411 0.0303140 0.0226063 0.0260968 0.0260333 0.0327089 0.0297089 0.0296523 0.0608990 0.0261458 0.0260968 0.0260968 0.0263993 0.0295883 0.0297275 0.0261411 0.0260968 0.0225572 0.0299551 0.0225532 0.0295830 0.0260968 0.0260380 0.0156587 0.0297142 0.0336827 0.0260287 0.0297142 0.0298414 0.0297089 0.0297843 0.0333660 0.0225532 0.0401611 0.0260968 0.0260968 0.0300846 0.0300846 0.0300210 0.0263513 
CPE069_At    0.1081045 0.1161966 0.1396144 0.1239098 0.0263838 0.0029812 0.0122991 0.0122991 0.0155171 0.0092376 0.0060796 0.0030233 0.0000010 0.0000010 0.0000000 0.0000010 0.0091411 0.0029912 0.0060151 0.0091243 0.0029912 0.0091046 0.0189308 0.0223030 0.0223030 0.0257416 0.0293104 0.0223030 0.0189308 0.0257416 0.0335307 0.0257416 0.0259483 0.0294949 0.0292428 0.0223030 0.0223030 0.0257370 0.0367968 0.0257370 0.0257989 0.0293104 0.0293709 0.0257416 0.0293656 0.0223030 0.0229816 0.0260333 0.0257370 0.0257416 0.0189308 0.0223030 0.0334667 0.0258467 0.0247889 0.0257989 0.0329539 0.0604226 0.0294392 0.0257370 0.0293104 0.0329820 0.0258422 0.0302543 0.0223510 0.0257989 0.0257370 0.0327089 0.0293656 0.0293104 0.0608990 0.0258467 0.0257989 0.0257989 0.0260942 0.0292481 0.0293837 0.0258422 0.0257989 0.0223030 0.0296057 0.0222991 0.0292428 0.0257989 0.0257416 0.0154874 0.0293709 0.0332850 0.0257325 0.0293709 0.0294949 0.0293656 0.0294392 0.0329761 0.0222991 0.0395347 0.0257989 0.0257989 0.0297320 0.0297320 0.0296699 0.0260473 
CPE071_At    0.1081045 0.1161966 0.1396144 0.1239098 0.0263838 0.0029812 0.0122991 0.0122991 0.0155171 0.0092376 0.0060796 0.0030233 0.0000010 0.0000010 0.0000010 0.0000000 0.0091411 0.0029912 0.0060151 0.0091243 0.0029912 0.0091046 0.0189308 0.0223030 0.0223030 0.0257416 0.0293104 0.0223030 0.0189308 0.0257416 0.0335307 0.0257416 0.0259483 0.0294949 0.0292428 0.0223030 0.0223030 0.0257370 0.0367968 0.0257370 0.0257989 0.0293104 0.0293709 0.0257416 0.0293656 0.0223030 0.0229816 0.0260333 0.0257370 0.0257416 0.0189308 0.0223030 0.0334667 0.0258467 0.0247889 0.0257989 0.0329539 0.0604226 0.0294392 0.0257370 0.0293104 0.0329820 0.0258422 0.0302543 0.0223510 0.0257989 0.0257370 0.0327089 0.0293656 0.0293104 0.0608990 0.0258467 0.0257989 0.0257989 0.0260942 0.0292481 0.0293837 0.0258422 0.0257989 0.0223030 0.0296057 0.0222991 0.0292428 0.0257989 0.0257416 0.0154874 0.0293709 0.0332850 0.0257325 0.0293709 0.0294949 0.0293656 0.0294392 0.0329761 0.0222991 0.0395347 0.0257989 0.0257989 0.0297320 0.0297320 0.0296699 0.0260473 
UHE442_Xi    0.1263680 0.1229226 0.1471689 0.2216297 0.0304206 0.0123034 0.0222369 0.0222369 0.0256593 0.0190880 0.0156927 0.0124829 0.0092405 0.0092405 0.0091411 0.0091411 0.0000000 0.0123482 0.0155206 0.0188454 0.0123482 0.0188003 0.0293784 0.0329761 0.0329761 0.0366468 0.0404896 0.0329761 0.0293784 0.0366468 0.0452622 0.0366468 0.0369691 0.0407653 0.0403848 0.0329761 0.0329761 0.0366401 0.0485842 0.0366401 0.0367385 0.0404896 0.0405777 0.0366468 0.0405702 0.0329761 0.0340119 0.0370778 0.0366401 0.0366468 0.0293784 0.0329761 0.0451655 0.0368105 0.0388719 0.0367385 0.0444063 0.0904144 0.0406839 0.0366401 0.0404896 0.0444532 0.0368037 0.0418754 0.0330557 0.0367385 0.0366401 0.0521182 0.0405702 0.0404896 0.0880413 0.0368105 0.0367385 0.0367385 0.0371924 0.0403922 0.0406028 0.0368037 0.0367385 0.0329761 0.0370313 0.0329701 0.0403848 0.0367385 0.0366468 0.0187255 0.0405777 0.0448914 0.0366334 0.0405777 0.0407653 0.0405702 0.0406839 0.0444448 0.0329701 0.0553671 0.0367385 0.0367385 0.0411276 0.0411276 0.0410368 0.0371254 
PPBIO312_Xi  0.1022108 0.1226562 0.1467887 0.1559610 0.0306447 0.0060378 0.0155777 0.0155777 0.0188705 0.0124799 0.0092376 0.0061243 0.0030231 0.0030231 0.0029912 0.0029912 0.0123482 0.0000000 0.0091383 0.0123246 0.0060586 0.0122970 0.0223917 0.0258467 0.0258467 0.0293709 0.0330394 0.0258467 0.0223917 0.0293709 0.0374503 0.0293709 0.0296148 0.0332535 0.0329599 0.0258467 0.0258467 0.0293656 0.0407476 0.0293656 0.0294392 0.0330394 0.0331089 0.0293709 0.0331029 0.0258467 0.0266438 0.0297089 0.0293656 0.0293709 0.0223917 0.0258467 0.0373759 0.0294949 0.0294455 0.0294392 0.0292925 0.0703707 0.0331893 0.0293656 0.0330394 0.0368172 0.0294896 0.0341283 0.0259047 0.0294392 0.0293656 0.0391022 0.0331029 0.0330394 0.0699136 0.0294949 0.0294392 0.0294392 0.0297858 0.0329658 0.0331254 0.0294896 0.0294392 0.0258467 0.0333834 0.0258422 0.0329599 0.0294392 0.0293709 0.0188337 0.0331089 0.0371645 0.0293604 0.0331089 0.0332535 0.0257846 0.0331893 0.0368105 0.0258422 0.0448122 0.0294392 0.0294392 0.0335307 0.0335307 0.0334592 0.0297320 
PPBIO221_Xi  0.1192710 0.1273063 0.1515626 0.1781700 0.0346812 0.0091061 0.0122970 0.0122970 0.0155144 0.0092361 0.0060786 0.0092372 0.0060796 0.0060796 0.0060151 0.0060151 0.0155206 0.0091383 0.0000000 0.0154900 0.0091383 0.0029797 0.0257325 0.0292376 0.0292376 0.0328124 0.0365422 0.0292376 0.0257325 0.0328124 0.0410938 0.0328124 0.0330909 0.0367833 0.0364517 0.0292376 0.0292376 0.0328064 0.0443845 0.0328064 0.0328910 0.0365422 0.0366200 0.0328124 0.0366133 0.0292376 0.0301425 0.0331919 0.0257325 0.0328124 0.0257325 0.0292376 0.0410098 0.0329539 0.0338832 0.0328910 0.0403453 0.0789808 0.0367115 0.0328064 0.0365422 0.0403848 0.0329480 0.0377612 0.0293052 0.0328910 0.0328064 0.0450894 0.0366133 0.0365422 0.0777228 0.0329539 0.0328910 0.0328910 0.0332850 0.0364583 0.0366401 0.0329480 0.0328910 0.0292376 0.0369309 0.0292324 0.0364517 0.0328910 0.0328124 0.0220912 0.0366200 0.0332790 0.0328005 0.0366200 0.0367833 0.0366133 0.0367115 0.0403773 0.0292324 0.0496481 0.0328910 0.0328910 0.0370976 0.0370976 0.0370176 0.0332253 
PPBIO305_Xi  0.1257182 0.1337445 0.1463671 0.1500362 0.0347947 0.0122800 0.0221896 0.0221896 0.0256027 0.0190483 0.0156614 0.0092575 0.0092234 0.0092234 0.0091243 0.0091243 0.0188454 0.0123246 0.0154900 0.0000000 0.0123246 0.0187619 0.0293104 0.0328969 0.0328969 0.0365555 0.0403848 0.0328969 0.0293104 0.0365555 0.0451368 0.0365555 0.0368759 0.0406587 0.0402806 0.0328969 0.0328969 0.0365489 0.0484475 0.0365489 0.0366468 0.0403848 0.0404723 0.0365555 0.0404648 0.0328969 0.0302259 0.0369842 0.0365489 0.0365555 0.0293104 0.0328969 0.0450408 0.0367183 0.0340047 0.0366468 0.0442867 0.0695363 0.0405777 0.0365489 0.0403848 0.0443332 0.0367115 0.0417619 0.0329761 0.0366468 0.0365489 0.0453202 0.0404648 0.0403848 0.0783231 0.0367183 0.0366468 0.0366468 0.0370979 0.0402880 0.0404971 0.0367115 0.0366468 0.0328969 0.0408283 0.0328910 0.0402806 0.0366468 0.0365555 0.0255513 0.0404723 0.0447686 0.0365422 0.0404723 0.0406587 0.0404648 0.0405777 0.0443249 0.0328910 0.0551508 0.0366468 0.0366468 0.0410186 0.0410186 0.0409283 0.0370313 
GAPTO140_Xi  0.1022108 0.1102628 0.1330618 0.1239098 0.0306447 0.0060378 0.0155777 0.0155777 0.0188705 0.0124799 0.0092376 0.0061243 0.0030231 0.0030231 0.0029912 0.0029912 0.0123482 0.0060586 0.0091383 0.0123246 0.0000000 0.0122970 0.0223917 0.0258467 0.0258467 0.0293709 0.0330394 0.0258467 0.0223917 0.0293709 0.0297889 0.0293709 0.0296148 0.0258947 0.0329599 0.0258467 0.0258467 0.0293656 0.0407476 0.0293656 0.0294392 0.0330394 0.0331089 0.0293709 0.0331029 0.0258467 0.0266438 0.0297089 0.0293656 0.0293709 0.0223917 0.0258467 0.0373759 0.0294949 0.0294455 0.0294392 0.0367833 0.0703707 0.0258467 0.0293656 0.0330394 0.0368172 0.0294896 0.0341283 0.0259047 0.0294392 0.0293656 0.0391022 0.0331029 0.0330394 0.0608990 0.0294949 0.0294392 0.0294392 0.0297858 0.0329658 0.0331254 0.0294896 0.0294392 0.0258467 0.0333834 0.0258422 0.0329599 0.0294392 0.0293709 0.0188337 0.0331089 0.0371645 0.0293604 0.0331089 0.0332535 0.0331029 0.0258467 0.0368105 0.0258422 0.0395347 0.0294392 0.0294392 0.0335307 0.0335307 0.0334592 0.0297320 
CAR005_Xi    0.1250219 0.1330043 0.1576621 0.2084055 0.0389672 0.0122526 0.0155144 0.0155144 0.0187919 0.0124299 0.0092017 0.0124306 0.0092032 0.0092032 0.0091046 0.0091046 0.0188003 0.0122970 0.0029797 0.0187619 0.0122970 0.0000000 0.0292324 0.0328064 0.0328064 0.0364517 0.0402657 0.0328064 0.0292324 0.0364517 0.0449952 0.0364517 0.0367698 0.0405378 0.0401623 0.0328064 0.0328064 0.0364450 0.0482936 0.0364450 0.0365422 0.0402657 0.0403527 0.0364517 0.0403453 0.0328064 0.0338304 0.0368776 0.0292324 0.0364517 0.0292324 0.0328064 0.0448999 0.0366133 0.0386006 0.0365422 0.0441516 0.0888527 0.0404574 0.0364450 0.0402657 0.0441977 0.0366066 0.0416332 0.0328851 0.0365422 0.0364450 0.0515898 0.0403453 0.0402657 0.0866704 0.0366133 0.0365422 0.0365422 0.0369904 0.0401697 0.0403773 0.0366066 0.0365422 0.0328064 0.0407061 0.0328005 0.0401623 0.0365422 0.0364517 0.0254863 0.0403527 0.0369835 0.0364384 0.0403527 0.0405378 0.0403453 0.0404574 0.0441894 0.0328005 0.0549093 0.0365422 0.0365422 0.0408950 0.0408950 0.0408054 0.0369241 
MFNC067_Xi   0.1222666 0.1425692 0.1688684 0.0727960 0.0351989 0.0223030 0.0329539 0.0329539 0.0366133 0.0297035 0.0260287 0.0226401 0.0191444 0.0191444 0.0189308 0.0189308 0.0293784 0.0223917 0.0257325 0.0293104 0.0223917 0.0292324 0.0000000 0.0029740 0.0029740 0.0122270 0.0091022 0.0029740 0.0000010 0.0060026 0.0124477 0.0060026 0.0123136 0.0091513 0.0090856 0.0029740 0.0029740 0.0060016 0.0155448 0.0060016 0.0060131 0.0091022 0.0091191 0.0060026 0.0091176 0.0029740 0.0030589 0.0060658 0.0060016 0.0122270 0.0060016 0.0029740 0.0124287 0.0060231 0.0000010 0.0060131 0.0122691 0.0268634 0.0091358 0.0060016 0.0091022 0.0122755 0.0122691 0.0159128 0.0029790 0.0060131 0.0060016 0.0000010 0.0091176 0.0091022 0.0302772 0.0060231 0.0060131 0.0060131 0.0060728 0.0090871 0.0091204 0.0122691 0.0060131 0.0029740 0.0091796 0.0029735 0.0090856 0.0060131 0.0060026 0.0223431 0.0091191 0.0123747 0.0060006 0.0091191 0.0091513 0.0091176 0.0091358 0.0122734 0.0029735 0.0119765 0.0060131 0.0060131 0.0092123 0.0092123 0.0091950 0.0060621 
GAPTO259_Xi  0.1282996 0.1487560 0.1754815 0.0914243 0.0395772 0.0257416 0.0366200 0.0366200 0.0403527 0.0333431 0.0295777 0.0261343 0.0225572 0.0225572 0.0223030 0.0223030 0.0329761 0.0258467 0.0292376 0.0328969 0.0258467 0.0328064 0.0029740 0.0000000 0.0000010 0.0154272 0.0122501 0.0060026 0.0029740 0.0090871 0.0157133 0.0090871 0.0155395 0.0123178 0.0122270 0.0060026 0.0060026 0.0090856 0.0188338 0.0090856 0.0091037 0.0122501 0.0122732 0.0090871 0.0122712 0.0060026 0.0000010 0.0091838 0.0090856 0.0154272 0.0090856 0.0060026 0.0156885 0.0091191 0.0038291 0.0091037 0.0154818 0.0342609 0.0122966 0.0090856 0.0122501 0.0154906 0.0154818 0.0192864 0.0060131 0.0091037 0.0090856 0.0049303 0.0122712 0.0122501 0.0370374 0.0091191 0.0091037 0.0091037 0.0091959 0.0122290 0.0122755 0.0154818 0.0091037 0.0060026 0.0123569 0.0060016 0.0122270 0.0091037 0.0090871 0.0257898 0.0122732 0.0156180 0.0090841 0.0122732 0.0123178 0.0122712 0.0122966 0.0154879 0.0060016 0.0161683 0.0091037 0.0091037 0.0124021 0.0124021 0.0123785 0.0091796 
GAPTO277_Xi  0.1282996 0.1487560 0.1754815 0.0914243 0.0395772 0.0257416 0.0366200 0.0366200 0.0403527 0.0333431 0.0295777 0.0261343 0.0225572 0.0225572 0.0223030 0.0223030 0.0329761 0.0258467 0.0292376 0.0328969 0.0258467 0.0328064 0.0029740 0.0000010 0.0000000 0.0154272 0.0122501 0.0060026 0.0029740 0.0090871 0.0157133 0.0090871 0.0155395 0.0123178 0.0122270 0.0060026 0.0060026 0.0090856 0.0188338 0.0090856 0.0091037 0.0122501 0.0122732 0.0090871 0.0122712 0.0060026 0.0000010 0.0091838 0.0090856 0.0154272 0.0090856 0.0060026 0.0156885 0.0091191 0.0038291 0.0091037 0.0154818 0.0342609 0.0122966 0.0090856 0.0122501 0.0154906 0.0154818 0.0192864 0.0060131 0.0091037 0.0090856 0.0049303 0.0122712 0.0122501 0.0370374 0.0091191 0.0091037 0.0091037 0.0091959 0.0122290 0.0122755 0.0154818 0.0091037 0.0060026 0.0123569 0.0060016 0.0122270 0.0091037 0.0090871 0.0257898 0.0122732 0.0156180 0.0090841 0.0122732 0.0123178 0.0122712 0.0122966 0.0154879 0.0060016 0.0161683 0.0091037 0.0091037 0.0124021 0.0124021 0.0123785 0.0091796 
MT087_Xi     0.1471190 0.1678597 0.1957309 0.1116213 0.0533290 0.0292481 0.0403602 0.0403602 0.0441680 0.0370570 0.0331979 0.0296986 0.0260380 0.0260380 0.0257416 0.0257416 0.0366468 0.0293709 0.0328124 0.0365555 0.0293709 0.0364517 0.0122270 0.0154272 0.0154272 0.0000000 0.0154575 0.0154272 0.0122270 0.0122290 0.0190438 0.0122290 0.0255909 0.0155448 0.0154272 0.0154272 0.0090871 0.0060026 0.0221865 0.0060026 0.0122522 0.0154575 0.0154871 0.0122290 0.0154844 0.0090871 0.0158822 0.0060668 0.0186844 0.0000010 0.0186844 0.0154272 0.0190127 0.0187588 0.0158596 0.0122522 0.0187556 0.0000010 0.0155176 0.0122270 0.0154575 0.0187671 0.0254880 0.0298147 0.0154575 0.0122522 0.0122270 0.0206417 0.0091191 0.0154575 0.0056291 0.0122732 0.0122522 0.0122522 0.0123789 0.0154298 0.0154906 0.0254880 0.0122522 0.0154272 0.0155956 0.0154245 0.0154272 0.0122522 0.0122290 0.0365422 0.0154871 0.0123768 0.0186812 0.0154871 0.0155448 0.0091191 0.0155176 0.0187639 0.0154245 0.0204656 0.0122522 0.0122522 0.0156542 0.0156542 0.0223034 0.0123569 
MT123_Xi     0.1415151 0.1623408 0.1900934 0.0392847 0.0487954 0.0328969 0.0442867 0.0442867 0.0481856 0.0409469 0.0369774 0.0334100 0.0296523 0.0296523 0.0293104 0.0293104 0.0404896 0.0330394 0.0365422 0.0403848 0.0330394 0.0402657 0.0091022 0.0122501 0.0122501 0.0154575 0.0000000 0.0122501 0.0091022 0.0091037 0.0157449 0.0091037 0.0222222 0.0123413 0.0122501 0.0122501 0.0060131 0.0091022 0.0188726 0.0091022 0.0029691 0.0122734 0.0122966 0.0091037 0.0122945 0.0060131 0.0126093 0.0092008 0.0154549 0.0154575 0.0154549 0.0122501 0.0091988 0.0155150 0.0117838 0.0091204 0.0091343 0.0269995 0.0060131 0.0029790 0.0122734 0.0155212 0.0221350 0.0262933 0.0122734 0.0029691 0.0091022 0.0152933 0.0122945 0.0122734 0.0372105 0.0091358 0.0091204 0.0091204 0.0092130 0.0122522 0.0122989 0.0221350 0.0091204 0.0122501 0.0123806 0.0122481 0.0122501 0.0091204 0.0091037 0.0329641 0.0122966 0.0156491 0.0154522 0.0122966 0.0123413 0.0122945 0.0060131 0.0155185 0.0060121 0.0162103 0.0091204 0.0091204 0.0124260 0.0124260 0.0189689 0.0091966 
MTMA033_Xi   0.1282996 0.1487560 0.1754815 0.0914243 0.0395772 0.0257416 0.0366200 0.0366200 0.0403527 0.0333431 0.0295777 0.0261343 0.0225572 0.0225572 0.0223030 0.0223030 0.0329761 0.0258467 0.0292376 0.0328969 0.0258467 0.0328064 0.0029740 0.0060026 0.0060026 0.0154272 0.0122501 0.0000000 0.0029740 0.0090871 0.0157133 0.0090871 0.0155395 0.0123178 0.0122270 0.0060026 0.0060026 0.0090856 0.0188338 0.0090856 0.0091037 0.0122501 0.0122732 0.0090871 0.0122712 0.0060026 0.0061753 0.0091838 0.0090856 0.0154272 0.0090856 0.0060026 0.0156885 0.0091191 0.0038291 0.0091037 0.0154818 0.0342609 0.0122966 0.0090856 0.0122501 0.0154906 0.0154818 0.0192864 0.0060131 0.0091037 0.0090856 0.0049303 0.0122712 0.0122501 0.0370374 0.0091191 0.0091037 0.0091037 0.0091959 0.0122290 0.0122755 0.0154818 0.0091037 0.0060026 0.0123569 0.0060016 0.0122270 0.0091037 0.0090871 0.0257898 0.0122732 0.0156180 0.0090841 0.0122732 0.0123178 0.0122712 0.0122966 0.0154879 0.0060016 0.0161683 0.0091037 0.0091037 0.0124021 0.0124021 0.0123785 0.0091796 
MTMA035_Xi   0.1222666 0.1425692 0.1688684 0.0727960 0.0351989 0.0223030 0.0329539 0.0329539 0.0366133 0.0297035 0.0260287 0.0226401 0.0191444 0.0191444 0.0189308 0.0189308 0.0293784 0.0223917 0.0257325 0.0293104 0.0223917 0.0292324 0.0000010 0.0029740 0.0029740 0.0122270 0.0091022 0.0029740 0.0000000 0.0060026 0.0124477 0.0060026 0.0123136 0.0091513 0.0090856 0.0029740 0.0029740 0.0060016 0.0155448 0.0060016 0.0060131 0.0091022 0.0091191 0.0060026 0.0091176 0.0029740 0.0030589 0.0060658 0.0060016 0.0122270 0.0060016 0.0029740 0.0124287 0.0060231 0.0000010 0.0060131 0.0122691 0.0268634 0.0091358 0.0060016 0.0091022 0.0122755 0.0122691 0.0159128 0.0029790 0.0060131 0.0060016 0.0000010 0.0091176 0.0091022 0.0302772 0.0060231 0.0060131 0.0060131 0.0060728 0.0090871 0.0091204 0.0122691 0.0060131 0.0029740 0.0091796 0.0029735 0.0090856 0.0060131 0.0060026 0.0223431 0.0091191 0.0123747 0.0060006 0.0091191 0.0091513 0.0091176 0.0091358 0.0122734 0.0029735 0.0119765 0.0060131 0.0060131 0.0092123 0.0092123 0.0091950 0.0060621 
WM281_Ta     0.1344600 0.1550426 0.1821742 0.0728537 0.0440587 0.0292481 0.0403602 0.0403602 0.0441680 0.0370570 0.0331979 0.0296986 0.0260380 0.0260380 0.0257416 0.0257416 0.0366468 0.0293709 0.0328124 0.0365555 0.0293709 0.0364517 0.0060026 0.0090871 0.0090871 0.0122290 0.0091037 0.0090871 0.0060026 0.0000000 0.0124498 0.0060035 0.0188274 0.0091529 0.0090871 0.0090871 0.0029745 0.0060026 0.0155474 0.0060026 0.0060141 0.0091037 0.0091206 0.0060035 0.0091191 0.0029745 0.0093508 0.0060668 0.0122270 0.0122290 0.0122270 0.0090871 0.0124309 0.0122732 0.0077475 0.0060141 0.0122712 0.0268733 0.0091374 0.0060026 0.0091037 0.0060257 0.0187556 0.0227276 0.0091037 0.0060141 0.0060026 0.0100114 0.0091191 0.0091037 0.0302873 0.0060241 0.0060141 0.0060141 0.0060738 0.0090886 0.0091219 0.0187556 0.0060141 0.0090871 0.0091812 0.0090856 0.0090871 0.0060141 0.0060035 0.0293052 0.0091206 0.0123768 0.0122249 0.0091206 0.0091529 0.0091191 0.0091374 0.0122755 0.0090856 0.0119792 0.0060141 0.0060141 0.0092139 0.0092139 0.0156240 0.0060631 
WM293_Ta     0.1387148 0.1602453 0.1890206 0.0557207 0.0549419 0.0372799 0.0492419 0.0492419 0.0533398 0.0457890 0.0416005 0.0378810 0.0339349 0.0339349 0.0335307 0.0335307 0.0452622 0.0374503 0.0410938 0.0451368 0.0297889 0.0449952 0.0124477 0.0157133 0.0157133 0.0190438 0.0157449 0.0157133 0.0124477 0.0124498 0.0000000 0.0124498 0.0261116 0.0030131 0.0157133 0.0157133 0.0092468 0.0124477 0.0226257 0.0124477 0.0124739 0.0157449 0.0157756 0.0124498 0.0157729 0.0092468 0.0161863 0.0125862 0.0190405 0.0190438 0.0190405 0.0157133 0.0193829 0.0191180 0.0162404 0.0124739 0.0191147 0.0355250 0.0092468 0.0124477 0.0157449 0.0191268 0.0260039 0.0304584 0.0157449 0.0124739 0.0124477 0.0213091 0.0157729 0.0157449 0.0305271 0.0124958 0.0124739 0.0124739 0.0126055 0.0157160 0.0157793 0.0260039 0.0124739 0.0157133 0.0158886 0.0157106 0.0157133 0.0124739 0.0124498 0.0373616 0.0157756 0.0192905 0.0190372 0.0157756 0.0158357 0.0157729 0.0092468 0.0191235 0.0157106 0.0120358 0.0124739 0.0124739 0.0159497 0.0159497 0.0227479 0.0125827 
WM345_Ta     0.1344600 0.1550426 0.1821742 0.0728537 0.0440587 0.0292481 0.0403602 0.0403602 0.0441680 0.0370570 0.0331979 0.0296986 0.0260380 0.0260380 0.0257416 0.0257416 0.0366468 0.0293709 0.0328124 0.0365555 0.0293709 0.0364517 0.0060026 0.0090871 0.0090871 0.0122290 0.0091037 0.0090871 0.0060026 0.0060035 0.0124498 0.0000000 0.0188274 0.0091529 0.0029745 0.0090871 0.0029745 0.0060026 0.0155474 0.0060026 0.0060141 0.0091037 0.0029849 0.0060035 0.0091191 0.0029745 0.0093508 0.0060668 0.0122270 0.0122290 0.0122270 0.0090871 0.0124309 0.0122732 0.0077475 0.0060141 0.0122712 0.0268733 0.0091374 0.0060026 0.0091037 0.0122776 0.0187556 0.0227276 0.0091037 0.0060141 0.0060026 0.0100114 0.0091191 0.0091037 0.0302873 0.0060241 0.0060141 0.0060141 0.0060738 0.0090886 0.0091219 0.0187556 0.0060141 0.0090871 0.0091812 0.0090856 0.0090871 0.0060141 0.0060035 0.0293052 0.0091206 0.0123768 0.0122249 0.0091206 0.0091529 0.0091191 0.0091374 0.0122755 0.0090856 0.0119792 0.0060141 0.0060141 0.0092139 0.0092139 0.0156240 0.0060631 
WM294_Ta     0.1095074 0.1429545 0.1693472 0.1373813 0.0397813 0.0294896 0.0407248 0.0407248 0.0445784 0.0373871 0.0334836 0.0299482 0.0262498 0.0262498 0.0259483 0.0259483 0.0369691 0.0296148 0.0330909 0.0368759 0.0296148 0.0367698 0.0123136 0.0155395 0.0155395 0.0255909 0.0222222 0.0155395 0.0123136 0.0188274 0.0261116 0.0188274 0.0000000 0.0223548 0.0221749 0.0155395 0.0155395 0.0188241 0.0293223 0.0188241 0.0188661 0.0222222 0.0222664 0.0188274 0.0222625 0.0155395 0.0160015 0.0190352 0.0188241 0.0255909 0.0123136 0.0155395 0.0260655 0.0188997 0.0118071 0.0188661 0.0256902 0.0419245 0.0223142 0.0188241 0.0222222 0.0257089 0.0060312 0.0093782 0.0155703 0.0188661 0.0188241 0.0153330 0.0222625 0.0222222 0.0517962 0.0188997 0.0188661 0.0188661 0.0190713 0.0221788 0.0222737 0.0060312 0.0188661 0.0155395 0.0224330 0.0155368 0.0221749 0.0188661 0.0188274 0.0295479 0.0222664 0.0259344 0.0188209 0.0222664 0.0223548 0.0222625 0.0223142 0.0257044 0.0155368 0.0296981 0.0188661 0.0188661 0.0225229 0.0225229 0.0224776 0.0190372 
PIME134_Ta   0.1286778 0.1491963 0.1760218 0.0557207 0.0492074 0.0331089 0.0445952 0.0445952 0.0485293 0.0412291 0.0372246 0.0336291 0.0298414 0.0298414 0.0294949 0.0294949 0.0407653 0.0332535 0.0367833 0.0406587 0.0258947 0.0405378 0.0091513 0.0123178 0.0123178 0.0155448 0.0123413 0.0123178 0.0091513 0.0091529 0.0030131 0.0091529 0.0223548 0.0000000 0.0123178 0.0123178 0.0060449 0.0091513 0.0189826 0.0091513 0.0091697 0.0123413 0.0123648 0.0091529 0.0123627 0.0060449 0.0126810 0.0092510 0.0155421 0.0155448 0.0155421 0.0123178 0.0158105 0.0156030 0.0118672 0.0091697 0.0156003 0.0271045 0.0060449 0.0091513 0.0123413 0.0156093 0.0222664 0.0264585 0.0123413 0.0091697 0.0091513 0.0154362 0.0123627 0.0123413 0.0305271 0.0091854 0.0091697 0.0091697 0.0092634 0.0123199 0.0123671 0.0222664 0.0091697 0.0123178 0.0124498 0.0123157 0.0123178 0.0091697 0.0091529 0.0331772 0.0123648 0.0157388 0.0155395 0.0123648 0.0124101 0.0123627 0.0060449 0.0156066 0.0123157 0.0120358 0.0091697 0.0091697 0.0124958 0.0124958 0.0190802 0.0092468 
PIME135_Ta   0.1407128 0.1613885 0.1888988 0.0914243 0.0486350 0.0328183 0.0441680 0.0441680 0.0480517 0.0408393 0.0368844 0.0333286 0.0295830 0.0295830 0.0292428 0.0292428 0.0403848 0.0329599 0.0364517 0.0402806 0.0329599 0.0401623 0.0090856 0.0122270 0.0122270 0.0154272 0.0122501 0.0122270 0.0090856 0.0090871 0.0157133 0.0029745 0.0221749 0.0123178 0.0000000 0.0122270 0.0060026 0.0090856 0.0188338 0.0090856 0.0091037 0.0122501 0.0060241 0.0090871 0.0122712 0.0060026 0.0125846 0.0091838 0.0154245 0.0154272 0.0154245 0.0122270 0.0156885 0.0154844 0.0117553 0.0091037 0.0154818 0.0342609 0.0122966 0.0090856 0.0122501 0.0154906 0.0220881 0.0262335 0.0122501 0.0091037 0.0090856 0.0152440 0.0122712 0.0122501 0.0370374 0.0091191 0.0091037 0.0091037 0.0091959 0.0122290 0.0122755 0.0220881 0.0091037 0.0122270 0.0123569 0.0122249 0.0122270 0.0091037 0.0090871 0.0328851 0.0122732 0.0156180 0.0154219 0.0122732 0.0123178 0.0122712 0.0122966 0.0154879 0.0122249 0.0161683 0.0091037 0.0091037 0.0124021 0.0124021 0.0189297 0.0091796 
PIME062_Ro   0.1282996 0.1487560 0.1754815 0.0914243 0.0395772 0.0257416 0.0366200 0.0366200 0.0403527 0.0333431 0.0295777 0.0261343 0.0225572 0.0225572 0.0223030 0.0223030 0.0329761 0.0258467 0.0292376 0.0328969 0.0258467 0.0328064 0.0029740 0.0060026 0.0060026 0.0154272 0.0122501 0.0060026 0.0029740 0.0090871 0.0157133 0.0090871 0.0155395 0.0123178 0.0122270 0.0000000 0.0060026 0.0090856 0.0188338 0.0090856 0.0091037 0.0122501 0.0122732 0.0090871 0.0122712 0.0060026 0.0061753 0.0091838 0.0090856 0.0154272 0.0090856 0.0060026 0.0156885 0.0091191 0.0038291 0.0091037 0.0154818 0.0342609 0.0122966 0.0090856 0.0122501 0.0154906 0.0154818 0.0192864 0.0060131 0.0091037 0.0090856 0.0049303 0.0122712 0.0122501 0.0370374 0.0091191 0.0091037 0.0091037 0.0091959 0.0122290 0.0122755 0.0154818 0.0091037 0.0060026 0.0123569 0.0060016 0.0122270 0.0091037 0.0090871 0.0257898 0.0122732 0.0156180 0.0090841 0.0122732 0.0123178 0.0122712 0.0122966 0.0154879 0.0060016 0.0161683 0.0091037 0.0091037 0.0124021 0.0124021 0.0123785 0.0091796 
PIME079_Ro   0.1282996 0.1487560 0.1754815 0.0557207 0.0395772 0.0257416 0.0366200 0.0366200 0.0403527 0.0333431 0.0295777 0.0261343 0.0225572 0.0225572 0.0223030 0.0223030 0.0329761 0.0258467 0.0292376 0.0328969 0.0258467 0.0328064 0.0029740 0.0060026 0.0060026 0.0090871 0.0060131 0.0060026 0.0029740 0.0029745 0.0092468 0.0029745 0.0155395 0.0060449 0.0060026 0.0060026 0.0000000 0.0029740 0.0123199 0.0029740 0.0029795 0.0060131 0.0060241 0.0029745 0.0060231 0.0000010 0.0061753 0.0030055 0.0090856 0.0090871 0.0090856 0.0060026 0.0092332 0.0091191 0.0038291 0.0029795 0.0091176 0.0197587 0.0060348 0.0029740 0.0060131 0.0091219 0.0154818 0.0192864 0.0060131 0.0029795 0.0029740 0.0049303 0.0060231 0.0060131 0.0237753 0.0029844 0.0029795 0.0029795 0.0030085 0.0060035 0.0060247 0.0154818 0.0029795 0.0060026 0.0060631 0.0060016 0.0060026 0.0029795 0.0029745 0.0257898 0.0060241 0.0091944 0.0090841 0.0060241 0.0060449 0.0060231 0.0060348 0.0091204 0.0060016 0.0078885 0.0029795 0.0029795 0.0060841 0.0060841 0.0123785 0.0030032 
MF005_Ta     0.1344288 0.1550080 0.1821339 0.0727960 0.0440491 0.0292428 0.0403527 0.0403527 0.0441598 0.0370502 0.0331919 0.0296932 0.0260333 0.0260333 0.0257370 0.0257370 0.0366401 0.0293656 0.0328064 0.0365489 0.0293656 0.0364450 0.0060016 0.0090856 0.0090856 0.0060026 0.0091022 0.0090856 0.0060016 0.0060026 0.0124477 0.0060026 0.0188241 0.0091513 0.0090856 0.0090856 0.0029740 0.0000000 0.0155448 0.0000010 0.0060131 0.0091022 0.0091191 0.0060026 0.0091176 0.0029740 0.0093492 0.0000010 0.0122249 0.0060026 0.0122249 0.0090856 0.0124287 0.0122712 0.0077458 0.0060131 0.0122691 0.0129162 0.0091358 0.0060016 0.0091022 0.0122755 0.0187523 0.0227235 0.0091022 0.0060131 0.0060016 0.0100087 0.0029839 0.0091022 0.0175012 0.0060231 0.0060131 0.0060131 0.0060728 0.0090871 0.0091204 0.0187523 0.0060131 0.0090856 0.0091796 0.0090841 0.0090856 0.0060131 0.0060026 0.0293000 0.0091191 0.0060718 0.0122229 0.0091191 0.0091513 0.0029839 0.0091358 0.0122734 0.0090841 0.0119765 0.0060131 0.0060131 0.0092123 0.0092123 0.0156213 0.0060621 
