      AMA340 0.0045 0.0047 0.0030 0.7814 0.0002 0.2059 0.0003 
      AMA601 0.0152 0.0047 0.0061 0.7920 0.0001 0.1813 0.0005 
      AMA656 0.0089 0.0046 0.0130 0.8014 0.0002 0.1715 0.0005 
    AMANA034 0.0359 0.0193 0.0693 0.8135 0.0005 0.0593 0.0023 
    AMANA137 0.0216 0.0339 0.0952 0.8105 0.0003 0.0351 0.0034 
      AMZ551 0.0556 0.0102 0.1250 0.7563 0.0063 0.0434 0.0033 
      AMZ610 0.0633 0.0082 0.0998 0.7898 0.0026 0.0354 0.0009 
       B4615 0.0015 0.0048 0.0023 0.7809 0.0001 0.2101 0.0003 
       B5082 0.0144 0.0019 0.0024 0.7934 0.0002 0.1873 0.0004 
       BR033 0.0019 0.0005 0.2380 0.7576 0.0002 0.0010 0.0008 
       BR036 0.0205 0.0023 0.2080 0.7657 0.0002 0.0016 0.0018 
     BR36440 0.0028 0.0201 0.0087 0.8040 0.0010 0.1618 0.0016 
      CAM117 0.0090 0.0032 0.0021 0.7692 0.0002 0.2159 0.0003 
      CPE012 0.0003 0.0003 0.0014 0.6977 0.2200 0.0004 0.0798 
      CPE025 0.0009 0.0006 0.0035 0.7063 0.2081 0.0004 0.0803 
      CPE049 0.0006 0.0003 0.0038 0.7353 0.1883 0.0006 0.0712 
      CPE069 0.0007 0.0003 0.0097 0.7013 0.2245 0.0008 0.0628 
    CPEII008 0.0004 0.0003 0.0025 0.7004 0.2239 0.0004 0.0721 
      CUJ027 0.0154 0.0149 0.0085 0.7821 0.0001 0.1784 0.0006 
      CUJ072 0.0067 0.0069 0.0195 0.7970 0.0001 0.1692 0.0005 
      FPR006 0.0026 0.2200 0.0024 0.7649 0.0001 0.0096 0.0004 
      FPR015 0.0153 0.0259 0.0985 0.7970 0.0002 0.0609 0.0021 
      FPR021 0.0286 0.0427 0.1100 0.7685 0.0001 0.0497 0.0003 
    GAPTO259 0.0012 0.0003 0.0022 0.7293 0.0276 0.0006 0.2390 
    GAPTO268 0.0004 0.0004 0.0015 0.7285 0.0214 0.0004 0.2474 
    GAPTO277 0.0007 0.0020 0.0106 0.7847 0.0248 0.0006 0.1765 
    GAPTO327 0.0005 0.0011 0.0023 0.7324 0.0294 0.0005 0.2338 
      MAM010 0.0241 0.0366 0.0784 0.7914 0.0002 0.0676 0.0017 
      MAR092 0.0149 0.0263 0.0889 0.8073 0.0004 0.0616 0.0007 
       MF005 0.0044 0.0021 0.2060 0.7586 0.0008 0.0014 0.0267 
     MPDS628 0.0045 0.0485 0.0872 0.8206 0.0005 0.0367 0.0021 
      MSF107 0.0234 0.0032 0.1405 0.8098 0.0127 0.0026 0.0077 
       MT087 0.2118 0.0045 0.0044 0.7562 0.0001 0.0227 0.0003 
       MT123 0.2307 0.0018 0.0019 0.7605 0.0001 0.0048 0.0002 
       OM022 0.0080 0.0440 0.0207 0.7651 0.0002 0.1616 0.0003 
       OM112 0.0029 0.0793 0.0066 0.7635 0.0001 0.1473 0.0004 
       OM172 0.0045 0.0416 0.0116 0.7831 0.0002 0.1585 0.0005 
       OP100 0.1191 0.0352 0.0079 0.7555 0.0002 0.0810 0.0012 
     PIME024 0.0123 0.0414 0.1308 0.7754 0.0003 0.0393 0.0004 
     PIME062 0.0271 0.0120 0.1190 0.7834 0.0001 0.0581 0.0003 
     PIME079 0.0110 0.0144 0.0898 0.8131 0.0005 0.0708 0.0004 
     PIME134 0.0010 0.0007 0.1566 0.7816 0.0059 0.0016 0.0527 
     PIME135 0.0006 0.0006 0.1853 0.7722 0.0017 0.0009 0.0387 
     PIME169 0.0236 0.0238 0.1057 0.7883 0.0001 0.0580 0.0006 
     PIME460 0.0340 0.0563 0.0740 0.7789 0.0002 0.0561 0.0005 
     PIME482 0.0020 0.0012 0.1942 0.7897 0.0009 0.0016 0.0103 
     PIME521 0.0053 0.0013 0.1608 0.7992 0.0006 0.0030 0.0298 
     PIME522 0.0030 0.0016 0.2086 0.7799 0.0007 0.0021 0.0040 
    PPBIO221 0.0012 0.0008 0.1131 0.7961 0.0238 0.0010 0.0641 
    PPBIO305 0.0014 0.0008 0.1401 0.7807 0.0324 0.0008 0.0438 
      PPS041 0.1298 0.0102 0.0392 0.7938 0.0002 0.0254 0.0012 
      PPS174 0.0091 0.0011 0.1850 0.8034 0.0004 0.0007 0.0004 
      PPS221 0.1535 0.0035 0.0102 0.8068 0.0002 0.0253 0.0006 
      PPS352 0.1082 0.0151 0.0359 0.8044 0.0013 0.0306 0.0045 
      PUC008 0.0023 0.0103 0.0375 0.7821 0.0001 0.1674 0.0003 
      RDO007 0.0020 0.0041 0.0769 0.7594 0.0533 0.0007 0.1036 
      TLP025 0.0449 0.0009 0.1629 0.7858 0.0001 0.0049 0.0005 
      TLP123 0.0735 0.0049 0.1469 0.7718 0.0001 0.0024 0.0003 
    UFAC1007 0.0048 0.0014 0.0050 0.8096 0.0004 0.1783 0.0005 
     UFAC305 0.0112 0.0226 0.0075 0.7848 0.0001 0.1736 0.0002 
     UFAC476 0.0026 0.0085 0.0029 0.8099 0.0001 0.1755 0.0004 
      UHE442 0.0019 0.0009 0.1623 0.7480 0.0187 0.0044 0.0638 
      UNA002 0.0004 0.0002 0.0012 0.7130 0.2489 0.0005 0.0358 
      UNA018 0.0004 0.0002 0.0012 0.7035 0.2643 0.0003 0.0301 
      UNA088 0.0009 0.0013 0.0050 0.7319 0.2145 0.0007 0.0459 
      UNA110 0.0003 0.0002 0.0010 0.7051 0.2566 0.0004 0.0364 
      UNA124 0.0007 0.0005 0.0025 0.7316 0.2383 0.0006 0.0258 
       WM281 0.0064 0.0026 0.1599 0.7999 0.0052 0.0059 0.0201 
       WM293 0.0006 0.0062 0.1832 0.7640 0.0011 0.0013 0.0435 
