0.104252 0.096859 0.106809 0.100580 0.110643 0.115474 0.115281 0.092647 0.107576 0.120848 0.107922 0.105210 0.115384 0.115854 0.109302 0.104322 0.116273 0.100204 0.101511 0.118431 0.115837 0.115735 0.117231 0.108703 0.109606 0.107964 0.106062 0.103157 0.103313 0.107669 0.097109 0.113049 0.110870 0.108826 0.112119 0.113335 0.099062 0.109257 0.119435
0.096859 0.081750 0.091937 0.087182 0.102876 0.101165 0.101004 0.081712 0.099476 0.106448 0.098935 0.096631 0.100576 0.101472 0.094404 0.090738 0.101668 0.086594 0.087215 0.104963 0.103749 0.103652 0.102420 0.093756 0.095172 0.093544 0.091726 0.088738 0.089832 0.094053 0.083633 0.102219 0.096471 0.094814 0.098364 0.102765 0.090794 0.094838 0.105035
0.106809 0.091937 0.101461 0.097100 0.112826 0.111086 0.110923 0.091659 0.109426 0.116389 0.108885 0.106580 0.110624 0.111412 0.104475 0.100665 0.111651 0.096539 0.097136 0.114883 0.113697 0.113586 0.112471 0.103805 0.105117 0.103447 0.101646 0.098681 0.099751 0.103972 0.093553 0.112171 0.106413 0.104728 0.108277 0.112713 0.100744 0.104781 0.114977
0.100580 0.087182 0.097100 0.086186 0.106596 0.104486 0.104217 0.085194 0.103192 0.110046 0.102676 0.100356 0.105753 0.105010 0.099570 0.094080 0.105886 0.090984 0.090490 0.105458 0.107615 0.105693 0.107326 0.098955 0.098881 0.097242 0.095138 0.092400 0.090357 0.095026 0.084146 0.106145 0.100066 0.097105 0.099686 0.106294 0.094506 0.098497 0.108634
0.110643 0.102876 0.112826 0.106596 0.115695 0.121491 0.121298 0.098659 0.113444 0.126865 0.113959 0.111242 0.121401 0.121870 0.115319 0.110338 0.122290 0.106221 0.107527 0.124446 0.121853 0.121748 0.123248 0.114720 0.115623 0.113981 0.112078 0.109174 0.109329 0.113685 0.103124 0.119073 0.116887 0.114842 0.118135 0.119343 0.104979 0.115273 0.125452
0.115474 0.101165 0.111086 0.104486 0.121491 0.114815 0.115002 0.100236 0.118089 0.121387 0.117558 0.115247 0.119771 0.116390 0.113386 0.109165 0.118064 0.105441 0.100999 0.121819 0.122411 0.121653 0.120715 0.112766 0.110249 0.108784 0.105919 0.103711 0.106648 0.110407 0.100465 0.120912 0.111409 0.110242 0.114862 0.121308 0.109405 0.109800 0.119975
0.115281 0.101004 0.110923 0.104217 0.121298 0.115002 0.113019 0.100039 0.117896 0.121408 0.117365 0.115054 0.119609 0.116410 0.113237 0.108962 0.118023 0.105261 0.101048 0.121556 0.122221 0.121427 0.120598 0.112614 0.110263 0.108722 0.105920 0.103730 0.106375 0.110132 0.100200 0.120723 0.111429 0.109633 0.114487 0.121111 0.109212 0.109820 0.119995
0.092647 0.081712 0.091659 0.085194 0.098659 0.100236 0.100039 0.076148 0.095248 0.105623 0.094784 0.092430 0.100241 0.100626 0.094151 0.089051 0.101077 0.085039 0.086271 0.103051 0.100575 0.100026 0.102068 0.093551 0.094387 0.092744 0.090828 0.087936 0.087936 0.092315 0.081730 0.098664 0.095645 0.093543 0.096797 0.097977 0.086554 0.094035 0.104210
0.107576 0.099476 0.109426 0.103192 0.113444 0.118089 0.117896 0.095248 0.109201 0.123463 0.110610 0.107891 0.118001 0.118469 0.111919 0.106936 0.118889 0.102820 0.104126 0.121043 0.118449 0.118339 0.119848 0.111320 0.112222 0.110580 0.108677 0.105773 0.105925 0.110282 0.099720 0.115690 0.113486 0.111440 0.114732 0.115922 0.101223 0.111872 0.122051
0.120848 0.106448 0.116389 0.110046 0.126865 0.121387 0.121408 0.105623 0.123463 0.100360 0.122931 0.120621 0.125047 0.115407 0.118540 0.114568 0.122479 0.110783 0.107472 0.127359 0.127779 0.127111 0.125521 0.118018 0.113384 0.114622 0.112005 0.106010 0.112240 0.116132 0.106032 0.126275 0.109620 0.116270 0.120621 0.126692 0.114780 0.112162 0.108600
0.107922 0.098935 0.108885 0.102676 0.113959 0.117558 0.117365 0.094784 0.110610 0.122931 0.108221 0.107503 0.117460 0.117937 0.111379 0.106410 0.118354 0.102283 0.103595 0.120526 0.117928 0.117858 0.119309 0.110779 0.111689 0.110047 0.108145 0.105240 0.105408 0.109763 0.099204 0.115042 0.112953 0.110913 0.114210 0.115520 0.101980 0.111339 0.121518
0.105210 0.096631 0.106580 0.100356 0.111242 0.115247 0.115054 0.092430 0.107891 0.120621 0.107503 0.104195 0.115155 0.115627 0.109074 0.104096 0.116046 0.099976 0.101284 0.118206 0.115610 0.115517 0.117003 0.108474 0.109379 0.107737 0.105835 0.102930 0.103089 0.107445 0.096884 0.112809 0.110643 0.108600 0.111894 0.113133 0.099269 0.109030 0.119208
0.115384 0.100576 0.110624 0.105753 0.121401 0.119771 0.119609 0.100241 0.118001 0.125047 0.117460 0.115155 0.118673 0.120072 0.112915 0.109291 0.120272 0.105125 0.105821 0.123539 0.122277 0.122201 0.120933 0.112411 0.113770 0.112164 0.110334 0.107337 0.108407 0.112634 0.102209 0.120740 0.115071 0.113409 0.116947 0.121293 0.109319 0.113438 0.123635
0.115854 0.101472 0.111412 0.105010 0.121870 0.116390 0.116410 0.100626 0.118469 0.115407 0.117937 0.115627 0.120072 0.096972 0.113575 0.109570 0.117577 0.105798 0.102472 0.122264 0.122787 0.122096 0.120585 0.113046 0.108581 0.109641 0.107018 0.101305 0.107166 0.111069 0.100946 0.121283 0.105138 0.111259 0.115597 0.121695 0.109786 0.107434 0.113995
0.109302 0.094404 0.104475 0.099570 0.115319 0.113386 0.113237 0.094151 0.111919 0.118540 0.111379 0.109074 0.112915 0.113575 0.104258 0.103182 0.113705 0.099052 0.099438 0.117326 0.116196 0.116070 0.113394 0.106107 0.107228 0.105819 0.103950 0.100817 0.102194 0.106395 0.095996 0.114665 0.108564 0.107114 0.110715 0.115206 0.103237 0.106920 0.117127
0.104322 0.090738 0.100665 0.094080 0.110338 0.109165 0.108962 0.089051 0.106936 0.114568 0.106410 0.104096 0.109291 0.109570 0.103182 0.091243 0.110053 0.094166 0.095200 0.112022 0.111019 0.110658 0.111088 0.102572 0.103333 0.101675 0.099757 0.096881 0.096902 0.101274 0.090699 0.109815 0.104590 0.102438 0.105663 0.110135 0.098252 0.102980 0.113155
0.116273 0.101668 0.111651 0.105886 0.122290 0.118064 0.118023 0.101077 0.118889 0.122479 0.118354 0.116046 0.120272 0.117577 0.113705 0.110053 0.103329 0.106136 0.104140 0.123411 0.123190 0.122734 0.121131 0.112995 0.111124 0.110928 0.108633 0.104695 0.108267 0.112256 0.102072 0.121676 0.112508 0.112549 0.116647 0.122140 0.110206 0.110796 0.121067
0.100204 0.086594 0.096539 0.090984 0.106221 0.105441 0.105261 0.085039 0.102820 0.110783 0.102283 0.099976 0.105125 0.105798 0.099052 0.094166 0.106136 0.087469 0.091485 0.108822 0.106668 0.107181 0.107012 0.098450 0.099527 0.097880 0.096017 0.093084 0.093696 0.097983 0.087495 0.105613 0.100806 0.098922 0.102331 0.106097 0.094137 0.099183 0.109371
0.101511 0.087215 0.097136 0.090490 0.107527 0.100999 0.101048 0.086271 0.104126 0.107472 0.103595 0.101284 0.105821 0.102472 0.099438 0.095200 0.104140 0.091485 0.085945 0.107801 0.108450 0.107674 0.106774 0.098819 0.096336 0.094873 0.092022 0.089798 0.092622 0.096305 0.086444 0.106951 0.097494 0.096248 0.100869 0.107343 0.095442 0.095887 0.106060
0.118431 0.104963 0.114883 0.105458 0.124446 0.121819 0.121556 0.103051 0.121043 0.127359 0.120526 0.118206 0.123539 0.122264 0.117326 0.112022 0.123411 0.108822 0.107801 0.115884 0.125469 0.123557 0.125020 0.116711 0.116274 0.114707 0.112505 0.109772 0.105527 0.110691 0.098686 0.123989 0.117374 0.114444 0.117301 0.124149 0.112357 0.115869 0.125946
0.115837 0.103749 0.113697 0.107615 0.121853 0.122411 0.122221 0.100575 0.118449 0.127779 0.117928 0.115610 0.122277 0.122787 0.116196 0.111019 0.123190 0.106668 0.108450 0.125469 0.118541 0.123200 0.124131 0.115595 0.116534 0.114890 0.112997 0.110086 0.110349 0.114689 0.104145 0.121455 0.117801 0.115790 0.119109 0.121654 0.109764 0.116186 0.126366
0.115735 0.103652 0.113586 0.105693 0.121748 0.121653 0.121427 0.100026 0.118339 0.127111 0.117858 0.115517 0.122201 0.122096 0.116070 0.110658 0.122734 0.107181 0.107674 0.123557 0.123200 0.112116 0.123919 0.115463 0.115907 0.114268 0.112271 0.109443 0.108460 0.112988 0.102245 0.121553 0.117132 0.114677 0.117682 0.121148 0.109647 0.115541 0.125699
0.117231 0.102420 0.112471 0.107326 0.123248 0.120715 0.120598 0.102068 0.119848 0.125521 0.119309 0.117003 0.120933 0.120585 0.113394 0.111088 0.121131 0.107012 0.106774 0.125020 0.124131 0.123919 0.108225 0.114109 0.114143 0.113276 0.111285 0.107758 0.109885 0.114037 0.103688 0.122605 0.115547 0.114642 0.118373 0.123125 0.111165 0.113872 0.124108
0.108703 0.093756 0.103805 0.098955 0.114720 0.112766 0.112614 0.093551 0.111320 0.118018 0.110779 0.108474 0.112411 0.113046 0.106107 0.102572 0.112995 0.098450 0.098819 0.116711 0.115595 0.115463 0.114109 0.103688 0.106738 0.105149 0.103322 0.100304 0.101578 0.105777 0.095381 0.114066 0.108041 0.106491 0.110094 0.114605 0.102637 0.106404 0.116605
0.109606 0.095172 0.105117 0.098881 0.115623 0.110249 0.110263 0.094387 0.112222 0.113384 0.111689 0.109379 0.113770 0.108581 0.107228 0.103333 0.111124 0.099527 0.096336 0.116274 0.116534 0.115907 0.114143 0.106738 0.100943 0.103443 0.100855 0.095463 0.101130 0.105017 0.094934 0.115029 0.103421 0.105113 0.109458 0.115455 0.103539 0.101594 0.111972
0.107964 0.093544 0.103447 0.097242 0.113981 0.108784 0.108722 0.092744 0.110580 0.114622 0.110047 0.107737 0.112164 0.109641 0.105819 0.101675 0.110928 0.097880 0.094873 0.114707 0.114890 0.114268 0.113276 0.105149 0.103443 0.098120 0.099120 0.096927 0.099546 0.103446 0.093360 0.113387 0.104644 0.103437 0.107779 0.113812 0.101896 0.103019 0.113209
0.106062 0.091726 0.101646 0.095138 0.112078 0.105919 0.105920 0.090828 0.108677 0.112005 0.108145 0.105835 0.110334 0.107018 0.103950 0.099757 0.108633 0.096017 0.092022 0.112505 0.112997 0.112271 0.111285 0.103322 0.100855 0.099120 0.095927 0.094319 0.097338 0.101142 0.091153 0.111496 0.102027 0.100994 0.105546 0.111899 0.099993 0.100409 0.110592
0.103157 0.088738 0.098681 0.092400 0.109174 0.103711 0.103730 0.087936 0.105773 0.106010 0.105240 0.102930 0.107337 0.101305 0.100817 0.096881 0.104695 0.093084 0.089798 0.109772 0.110086 0.109443 0.107758 0.100304 0.095463 0.096927 0.094319 0.087078 0.094633 0.098514 0.088434 0.108582 0.096063 0.098603 0.102965 0.109004 0.097089 0.094428 0.104597
0.103313 0.089832 0.099751 0.090357 0.109329 0.106648 0.106375 0.087936 0.105925 0.112240 0.105408 0.103089 0.108407 0.107166 0.102194 0.096902 0.108267 0.093696 0.092622 0.105527 0.110349 0.108460 0.109885 0.101578 0.101130 0.099546 0.097338 0.094633 0.088697 0.094594 0.083775 0.108869 0.102257 0.099219 0.102108 0.109034 0.097239 0.100729 0.110828
0.107669 0.094053 0.103972 0.095026 0.113685 0.110407 0.110132 0.092315 0.110282 0.116132 0.109763 0.107445 0.112634 0.111069 0.106395 0.101274 0.112256 0.097983 0.096305 0.110691 0.114689 0.112988 0.114037 0.105777 0.105017 0.103446 0.101142 0.098514 0.094594 0.089052 0.089027 0.113207 0.106150 0.103123 0.106407 0.113409 0.101596 0.104609 0.114719
0.097109 0.083633 0.093553 0.084146 0.103124 0.100465 0.100200 0.081730 0.099720 0.106032 0.099204 0.096884 0.102209 0.100946 0.095996 0.090699 0.102072 0.087495 0.086444 0.098686 0.104145 0.102245 0.103688 0.095381 0.094934 0.093360 0.091153 0.088434 0.083775 0.089027 0.076235 0.102665 0.096048 0.093079 0.095952 0.102828 0.091034 0.094531 0.104619
0.113049 0.102219 0.112171 0.106145 0.119073 0.120912 0.120723 0.098664 0.115690 0.126275 0.115042 0.112809 0.120740 0.121283 0.114665 0.109815 0.121676 0.105613 0.106951 0.123989 0.121455 0.121553 0.122605 0.114066 0.115029 0.113387 0.111496 0.108582 0.108869 0.113207 0.102665 0.114641 0.116298 0.114302 0.117631 0.119561 0.107025 0.114681 0.124862
0.110870 0.096471 0.106413 0.100066 0.116887 0.111409 0.111429 0.095645 0.113486 0.109620 0.112953 0.110643 0.115071 0.105138 0.108564 0.104590 0.112508 0.100806 0.097494 0.117374 0.117801 0.117132 0.115547 0.108041 0.103421 0.104644 0.102027 0.096063 0.102257 0.106150 0.096048 0.116298 0.098527 0.106291 0.110641 0.116714 0.104802 0.102204 0.108208
0.108826 0.094814 0.104728 0.097105 0.114842 0.110242 0.109633 0.093543 0.111440 0.116270 0.110913 0.108600 0.113409 0.111259 0.107114 0.102438 0.112549 0.098922 0.096248 0.114444 0.115790 0.114677 0.114642 0.106491 0.105113 0.103437 0.100994 0.098603 0.099219 0.103123 0.093079 0.114302 0.106291 0.096239 0.105962 0.114623 0.102755 0.104696 0.114857
0.112119 0.098364 0.108277 0.099686 0.118135 0.114862 0.114487 0.096797 0.114732 0.120621 0.114210 0.111894 0.116947 0.115597 0.110715 0.105663 0.116647 0.102331 0.100869 0.117301 0.119109 0.117682 0.118373 0.110094 0.109458 0.107779 0.105546 0.102965 0.102108 0.106407 0.095952 0.117631 0.110641 0.105962 0.101670 0.117884 0.106047 0.109060 0.119209
0.113335 0.102765 0.112713 0.106294 0.119343 0.121308 0.121111 0.097977 0.115922 0.126692 0.115520 0.113133 0.121293 0.121695 0.115206 0.110135 0.122140 0.106097 0.107343 0.124149 0.121654 0.121148 0.123125 0.114605 0.115455 0.113812 0.111899 0.109004 0.109034 0.113409 0.102828 0.119561 0.116714 0.114623 0.117884 0.113802 0.107217 0.115103 0.125279
0.099062 0.090794 0.100744 0.094506 0.104979 0.109405 0.109212 0.086554 0.101223 0.114780 0.101980 0.099269 0.109319 0.109786 0.103237 0.098252 0.110206 0.094137 0.095442 0.112357 0.109764 0.109647 0.111165 0.102637 0.103539 0.101896 0.099993 0.097089 0.097239 0.101596 0.091034 0.107025 0.104802 0.102755 0.106047 0.107217 0.091737 0.103189 0.113367
0.109257 0.094838 0.104781 0.098497 0.115273 0.109800 0.109820 0.094035 0.111872 0.112162 0.111339 0.109030 0.113438 0.107434 0.106920 0.102980 0.110796 0.099183 0.095887 0.115869 0.116186 0.115541 0.113872 0.106404 0.101594 0.103019 0.100409 0.094428 0.100729 0.104609 0.094531 0.114681 0.102204 0.104696 0.109060 0.115103 0.103189 0.099044 0.110749
0.119435 0.105035 0.114977 0.108634 0.125452 0.119975 0.119995 0.104210 0.122051 0.108600 0.121518 0.119208 0.123635 0.113995 0.117127 0.113155 0.121067 0.109371 0.106060 0.125946 0.126366 0.125699 0.124108 0.116605 0.111972 0.113209 0.110592 0.104597 0.110828 0.114719 0.104619 0.124862 0.108208 0.114857 0.119209 0.125279 0.113367 0.110749 0.092927
