      AMA340 0.9976 0.0009 0.0015 
      AMA601 0.9955 0.0006 0.0039 
      AMA656 0.9947 0.0011 0.0043 
    AMANA034 0.9290 0.0046 0.0664 
    AMANA137 0.8363 0.0020 0.1617 
      AMZ551 0.7347 0.0919 0.1735 
      AMZ610 0.8494 0.0753 0.0753 
       B4615 0.9976 0.0007 0.0016 
       B5082 0.9964 0.0009 0.0027 
       BR033 0.6398 0.0297 0.3304 
       BR036 0.6716 0.0028 0.3256 
     BR36440 0.9843 0.0052 0.0105 
      CAM117 0.9968 0.0013 0.0019 
      CPE012 0.0034 0.8850 0.1116 
      CPE025 0.0040 0.8659 0.1301 
      CPE049 0.0092 0.8521 0.1387 
      CPE069 0.0061 0.9195 0.0745 
    CPEII008 0.0028 0.9021 0.0951 
      CUJ027 0.9917 0.0009 0.0073 
      CUJ072 0.9920 0.0007 0.0073 
      FPR006 0.9537 0.0009 0.0453 
      FPR015 0.8381 0.0042 0.1577 
      FPR021 0.8742 0.0011 0.1247 
    GAPTO259 0.0046 0.2393 0.7561 
    GAPTO268 0.0038 0.2207 0.7755 
    GAPTO277 0.0662 0.2422 0.6916 
    GAPTO327 0.0061 0.2519 0.7420 
      MAM010 0.8790 0.0018 0.1192 
      MAR092 0.8912 0.0078 0.1010 
       MF005 0.5549 0.0889 0.3562 
     MPDS628 0.8432 0.0048 0.1520 
      MSF107 0.5241 0.1064 0.3695 
       MT087 0.8878 0.0011 0.1112 
       MT123 0.9059 0.0005 0.0936 
       OM022 0.9878 0.0014 0.0109 
       OM112 0.9946 0.0007 0.0047 
       OM172 0.9910 0.0014 0.0076 
       OP100 0.8999 0.0016 0.0985 
     PIME024 0.8455 0.0154 0.1390 
     PIME062 0.8953 0.0007 0.1040 
     PIME079 0.9229 0.0241 0.0530 
     PIME134 0.5069 0.1193 0.3738 
     PIME135 0.4981 0.0997 0.4022 
     PIME169 0.8677 0.0014 0.1309 
     PIME460 0.9096 0.0019 0.0885 
     PIME482 0.6197 0.0649 0.3154 
     PIME521 0.6096 0.0212 0.3691 
     PIME522 0.6440 0.0819 0.2741 
    PPBIO221 0.4290 0.1864 0.3847 
    PPBIO305 0.4282 0.2165 0.3552 
      PPS041 0.8751 0.0027 0.1222 
      PPS174 0.6829 0.0188 0.2983 
      PPS221 0.8972 0.0012 0.1016 
      PPS352 0.8502 0.0088 0.1410 
      PUC008 0.9919 0.0008 0.0073 
      RDO007 0.2562 0.3064 0.4373 
      TLP025 0.7551 0.0039 0.2410 
      TLP123 0.7740 0.0011 0.2249 
    UFAC1007 0.9937 0.0019 0.0044 
     UFAC305 0.9978 0.0005 0.0017 
     UFAC476 0.9966 0.0006 0.0028 
      UHE442 0.4585 0.1757 0.3658 
      UNA002 0.0032 0.9858 0.0110 
      UNA018 0.0024 0.9933 0.0043 
      UNA088 0.0329 0.8969 0.0702 
      UNA110 0.0029 0.9887 0.0084 
      UNA124 0.0094 0.9818 0.0088 
       WM281 0.6238 0.1260 0.2502 
       WM293 0.5236 0.1020 0.3743 
