      AMA340 0.7822 0.0002 0.2115 0.0014 0.0002 0.0025 0.0020 
      AMA601 0.7927 0.0001 0.1920 0.0059 0.0004 0.0059 0.0030 
      AMA656 0.8021 0.0002 0.1802 0.0031 0.0003 0.0114 0.0028 
    AMANA034 0.8139 0.0006 0.0659 0.0230 0.0017 0.0766 0.0184 
    AMANA137 0.8108 0.0003 0.0431 0.0122 0.0035 0.0954 0.0346 
      AMZ551 0.7571 0.0076 0.0503 0.0441 0.0020 0.1286 0.0102 
      AMZ610 0.7905 0.0031 0.0437 0.0498 0.0006 0.1044 0.0078 
       B4615 0.7815 0.0001 0.2135 0.0007 0.0002 0.0019 0.0021 
       B5082 0.7941 0.0002 0.1962 0.0057 0.0003 0.0023 0.0012 
       BR033 0.7583 0.0002 0.0012 0.0010 0.0007 0.2381 0.0005 
       BR036 0.7665 0.0002 0.0019 0.0182 0.0021 0.2088 0.0024 
     BR36440 0.8041 0.0010 0.1690 0.0018 0.0013 0.0091 0.0137 
      CAM117 0.7700 0.0002 0.2224 0.0033 0.0003 0.0020 0.0019 
      CPE012 0.6999 0.2496 0.0006 0.0002 0.0470 0.0024 0.0003 
      CPE025 0.7083 0.2371 0.0005 0.0008 0.0458 0.0067 0.0007 
      CPE049 0.7369 0.2141 0.0008 0.0005 0.0404 0.0070 0.0004 
      CPE069 0.7028 0.2489 0.0009 0.0006 0.0335 0.0131 0.0003 
    CPEII008 0.7023 0.2517 0.0005 0.0003 0.0407 0.0042 0.0003 
      CUJ027 0.7827 0.0002 0.1911 0.0059 0.0005 0.0080 0.0116 
      CUJ072 0.7976 0.0001 0.1790 0.0025 0.0004 0.0157 0.0046 
      FPR006 0.7635 0.0001 0.0132 0.0011 0.0003 0.0021 0.2197 
      FPR015 0.7975 0.0003 0.0691 0.0064 0.0017 0.1005 0.0245 
      FPR021 0.7689 0.0001 0.0589 0.0177 0.0003 0.1098 0.0443 
    GAPTO259 0.7329 0.0448 0.0012 0.0037 0.2004 0.0165 0.0004 
    GAPTO268 0.7324 0.0386 0.0010 0.0006 0.2139 0.0125 0.0010 
    GAPTO277 0.7871 0.0379 0.0008 0.0005 0.1411 0.0306 0.0021 
    GAPTO327 0.7359 0.0459 0.0010 0.0009 0.1964 0.0165 0.0034 
      MAM010 0.7918 0.0002 0.0759 0.0139 0.0016 0.0798 0.0368 
      MAR092 0.8077 0.0004 0.0687 0.0076 0.0006 0.0891 0.0260 
       MF005 0.7596 0.0011 0.0017 0.0023 0.0193 0.2141 0.0019 
     MPDS628 0.8207 0.0005 0.0416 0.0021 0.0015 0.0843 0.0493 
      MSF107 0.8106 0.0142 0.0031 0.0199 0.0046 0.1442 0.0035 
       MT087 0.7575 0.0001 0.0427 0.1839 0.0003 0.0100 0.0054 
       MT123 0.7621 0.0001 0.0185 0.2116 0.0002 0.0038 0.0036 
       OM022 0.7656 0.0002 0.1744 0.0035 0.0003 0.0170 0.0390 
       OM112 0.7636 0.0001 0.1603 0.0012 0.0003 0.0051 0.0694 
       OM172 0.7834 0.0002 0.1694 0.0017 0.0004 0.0087 0.0363 
       OP100 0.7563 0.0002 0.0985 0.0939 0.0017 0.0129 0.0365 
     PIME024 0.7756 0.0003 0.0458 0.0068 0.0003 0.1285 0.0427 
     PIME062 0.7840 0.0001 0.0663 0.0179 0.0003 0.1209 0.0106 
     PIME079 0.8136 0.0005 0.0780 0.0051 0.0003 0.0895 0.0131 
     PIME134 0.7828 0.0096 0.0017 0.0006 0.0413 0.1634 0.0006 
     PIME135 0.7733 0.0041 0.0010 0.0004 0.0271 0.1935 0.0006 
     PIME169 0.7887 0.0002 0.0667 0.0139 0.0005 0.1080 0.0221 
     PIME460 0.7791 0.0002 0.0672 0.0220 0.0004 0.0738 0.0572 
     PIME482 0.7904 0.0012 0.0017 0.0013 0.0060 0.1983 0.0011 
     PIME521 0.8001 0.0008 0.0033 0.0043 0.0242 0.1661 0.0013 
     PIME522 0.7806 0.0010 0.0027 0.0021 0.0025 0.2096 0.0014 
    PPBIO221 0.7974 0.0311 0.0011 0.0009 0.0470 0.1217 0.0008 
    PPBIO305 0.7818 0.0374 0.0009 0.0012 0.0323 0.1456 0.0008 
      PPS041 0.7947 0.0003 0.0360 0.1074 0.0010 0.0511 0.0095 
      PPS174 0.8041 0.0004 0.0008 0.0115 0.0003 0.1819 0.0011 
      PPS221 0.8078 0.0002 0.0366 0.1315 0.0006 0.0198 0.0034 
      PPS352 0.8052 0.0015 0.0440 0.0850 0.0038 0.0471 0.0133 
      PUC008 0.7828 0.0001 0.1770 0.0009 0.0002 0.0313 0.0076 
      RDO007 0.7611 0.0648 0.0009 0.0014 0.0771 0.0906 0.0041 
      TLP025 0.7866 0.0002 0.0066 0.0397 0.0004 0.1657 0.0009 
      TLP123 0.7726 0.0001 0.0039 0.0638 0.0003 0.1539 0.0054 
    UFAC1007 0.8101 0.0004 0.1824 0.0015 0.0004 0.0041 0.0010 
     UFAC305 0.7853 0.0001 0.1869 0.0037 0.0002 0.0071 0.0166 
     UFAC476 0.8103 0.0001 0.1810 0.0009 0.0003 0.0025 0.0047 
      UHE442 0.7494 0.0249 0.0048 0.0012 0.0471 0.1718 0.0008 
      UNA002 0.7138 0.2630 0.0005 0.0002 0.0211 0.0012 0.0002 
      UNA018 0.7040 0.2774 0.0003 0.0002 0.0167 0.0011 0.0002 
      UNA088 0.7331 0.2315 0.0009 0.0007 0.0272 0.0056 0.0011 
      UNA110 0.7057 0.2700 0.0004 0.0002 0.0225 0.0010 0.0002 
      UNA124 0.7321 0.2525 0.0006 0.0005 0.0115 0.0023 0.0004 
       WM281 0.8007 0.0080 0.0076 0.0038 0.0111 0.1663 0.0026 
       WM293 0.7651 0.0021 0.0014 0.0004 0.0334 0.1913 0.0062 
