      AMA340 0.0009 0.9647 0.0331 0.0013 
      AMA601 0.0018 0.9271 0.0704 0.0008 
      AMA656 0.0022 0.9209 0.0757 0.0012 
    AMANA034 0.0071 0.6120 0.3773 0.0036 
    AMANA137 0.0291 0.5590 0.4096 0.0022 
      AMZ551 0.0270 0.4633 0.4161 0.0936 
      AMZ610 0.0034 0.5362 0.4042 0.0562 
       B4615 0.0013 0.9853 0.0124 0.0010 
       B5082 0.0023 0.9758 0.0207 0.0012 
       BR033 0.0447 0.2565 0.6657 0.0332 
       BR036 0.0509 0.2847 0.6615 0.0030 
     BR36440 0.0069 0.9462 0.0410 0.0060 
      CAM117 0.0013 0.9710 0.0256 0.0020 
      CPE012 0.0655 0.0032 0.0031 0.9283 
      CPE025 0.0509 0.0032 0.0129 0.9330 
      CPE049 0.0582 0.0074 0.0186 0.9157 
      CPE069 0.0243 0.0045 0.0071 0.9640 
    CPEII008 0.0411 0.0024 0.0047 0.9518 
      CUJ027 0.0049 0.9007 0.0933 0.0010 
      CUJ072 0.0026 0.9026 0.0940 0.0008 
      FPR006 0.0010 0.6312 0.3671 0.0007 
      FPR015 0.0330 0.5811 0.3820 0.0039 
      FPR021 0.0033 0.5326 0.4632 0.0009 
    GAPTO259 0.7393 0.0067 0.0151 0.2389 
    GAPTO268 0.7524 0.0051 0.0237 0.2187 
    GAPTO277 0.5813 0.0310 0.1528 0.2349 
    GAPTO327 0.7272 0.0087 0.0178 0.2463 
      MAM010 0.0334 0.6200 0.3451 0.0015 
      MAR092 0.0041 0.6335 0.3570 0.0054 
       MF005 0.1339 0.2510 0.5245 0.0906 
     MPDS628 0.0203 0.6205 0.3526 0.0067 
      MSF107 0.0763 0.1961 0.5709 0.1566 
       MT087 0.0013 0.4942 0.5038 0.0007 
       MT123 0.0007 0.4174 0.5815 0.0004 
       OM022 0.0011 0.8146 0.1830 0.0012 
       OM112 0.0015 0.8739 0.1239 0.0007 
       OM172 0.0020 0.8512 0.1456 0.0013 
       OP100 0.0033 0.5936 0.4019 0.0012 
     PIME024 0.0026 0.5306 0.4574 0.0095 
     PIME062 0.0019 0.5618 0.4356 0.0007 
     PIME079 0.0015 0.6512 0.3371 0.0103 
     PIME134 0.1803 0.2663 0.4268 0.1266 
     PIME135 0.1580 0.2375 0.4952 0.1093 
     PIME169 0.0076 0.5626 0.4285 0.0013 
     PIME460 0.0020 0.6413 0.3552 0.0015 
     PIME482 0.0898 0.2881 0.5573 0.0648 
     PIME521 0.1510 0.3011 0.5222 0.0257 
     PIME522 0.0588 0.3254 0.5279 0.0880 
    PPBIO221 0.1945 0.1862 0.4226 0.1967 
    PPBIO305 0.1522 0.1779 0.4399 0.2301 
      PPS041 0.0046 0.5184 0.4749 0.0021 
      PPS174 0.0028 0.2387 0.7443 0.0143 
      PPS221 0.0022 0.4963 0.5006 0.0009 
      PPS352 0.0087 0.5240 0.4598 0.0076 
      PUC008 0.0013 0.8673 0.1305 0.0009 
      RDO007 0.2862 0.0866 0.3066 0.3206 
      TLP025 0.0069 0.3696 0.6200 0.0035 
      TLP123 0.0016 0.3047 0.6928 0.0009 
    UFAC1007 0.0027 0.9432 0.0512 0.0029 
     UFAC305 0.0006 0.9029 0.0959 0.0006 
     UFAC476 0.0015 0.9536 0.0440 0.0008 
      UHE442 0.2010 0.2605 0.3559 0.1826 
      UNA002 0.0075 0.0024 0.0025 0.9876 
      UNA018 0.0019 0.0017 0.0025 0.9939 
      UNA088 0.0260 0.0122 0.0343 0.9275 
      UNA110 0.0065 0.0020 0.0024 0.9891 
      UNA124 0.0026 0.0043 0.0054 0.9877 
       WM281 0.0646 0.3616 0.4352 0.1386 
       WM293 0.1587 0.2497 0.4862 0.1054 
