      AMA340 0.2064 0.0002 0.0003 0.7825 0.0027 0.0080 
      AMA601 0.1819 0.0001 0.0005 0.7931 0.0044 0.0200 
      AMA656 0.1729 0.0002 0.0004 0.8023 0.0091 0.0151 
    AMANA034 0.0704 0.0006 0.0022 0.8144 0.0573 0.0551 
    AMANA137 0.0505 0.0003 0.0039 0.8113 0.0904 0.0436 
      AMZ551 0.0488 0.0082 0.0026 0.7574 0.1183 0.0648 
      AMZ610 0.0396 0.0034 0.0008 0.7907 0.0956 0.0699 
       B4615 0.2123 0.0001 0.0003 0.7822 0.0020 0.0031 
       B5082 0.1863 0.0002 0.0004 0.7945 0.0020 0.0166 
       BR033 0.0010 0.0002 0.0007 0.7584 0.2373 0.0023 
       BR036 0.0018 0.0002 0.0025 0.7666 0.1991 0.0298 
     BR36440 0.1796 0.0011 0.0015 0.8054 0.0079 0.0044 
      CAM117 0.2150 0.0002 0.0003 0.7704 0.0018 0.0122 
      CPE012 0.0004 0.2458 0.0540 0.6980 0.0014 0.0004 
      CPE025 0.0004 0.2336 0.0550 0.7065 0.0033 0.0011 
      CPE049 0.0006 0.2115 0.0485 0.7355 0.0034 0.0007 
      CPE069 0.0007 0.2480 0.0409 0.7014 0.0081 0.0008 
    CPEII008 0.0004 0.2485 0.0480 0.7004 0.0022 0.0005 
      CUJ027 0.1847 0.0002 0.0006 0.7832 0.0060 0.0254 
      CUJ072 0.1732 0.0001 0.0005 0.7981 0.0156 0.0125 
      FPR006 0.1082 0.0001 0.0005 0.7685 0.0231 0.0996 
      FPR015 0.0735 0.0003 0.0023 0.7980 0.0915 0.0345 
      FPR021 0.0674 0.0001 0.0003 0.7696 0.1112 0.0514 
    GAPTO259 0.0006 0.0395 0.2266 0.7295 0.0024 0.0014 
    GAPTO268 0.0005 0.0324 0.2362 0.7287 0.0017 0.0005 
    GAPTO277 0.0008 0.0349 0.1646 0.7850 0.0135 0.0012 
    GAPTO327 0.0006 0.0409 0.2223 0.7326 0.0027 0.0009 
      MAM010 0.0872 0.0002 0.0016 0.7923 0.0800 0.0386 
      MAR092 0.0742 0.0004 0.0007 0.8082 0.0852 0.0313 
       MF005 0.0017 0.0010 0.0235 0.7594 0.2075 0.0069 
     MPDS628 0.0546 0.0005 0.0017 0.8216 0.0921 0.0295 
      MSF107 0.0028 0.0136 0.0057 0.8104 0.1466 0.0209 
       MT087 0.0216 0.0001 0.0004 0.7579 0.0070 0.2131 
       MT123 0.0059 0.0001 0.0003 0.7625 0.0022 0.2290 
       OM022 0.1862 0.0002 0.0003 0.7663 0.0226 0.0245 
       OM112 0.1966 0.0001 0.0004 0.7649 0.0119 0.0261 
       OM172 0.1812 0.0002 0.0004 0.7842 0.0151 0.0189 
       OP100 0.0941 0.0002 0.0017 0.7571 0.0107 0.1362 
     PIME024 0.0543 0.0003 0.0004 0.7763 0.1313 0.0375 
     PIME062 0.0647 0.0001 0.0003 0.7843 0.1089 0.0417 
     PIME079 0.0802 0.0005 0.0004 0.8139 0.0845 0.0206 
     PIME134 0.0017 0.0077 0.0478 0.7822 0.1595 0.0012 
     PIME135 0.0009 0.0028 0.0329 0.7730 0.1895 0.0008 
     PIME169 0.0685 0.0001 0.0006 0.7892 0.1006 0.0409 
     PIME460 0.0810 0.0002 0.0005 0.7799 0.0759 0.0625 
     PIME482 0.0018 0.0010 0.0077 0.7905 0.1962 0.0029 
     PIME521 0.0030 0.0007 0.0274 0.7998 0.1634 0.0057 
     PIME522 0.0026 0.0009 0.0032 0.7807 0.2080 0.0046 
    PPBIO221 0.0011 0.0292 0.0559 0.7965 0.1159 0.0014 
    PPBIO305 0.0008 0.0362 0.0386 0.7813 0.1413 0.0019 
      PPS041 0.0277 0.0003 0.0013 0.7951 0.0417 0.1340 
      PPS174 0.0008 0.0004 0.0003 0.8041 0.1832 0.0111 
      PPS221 0.0248 0.0002 0.0007 0.8079 0.0165 0.1499 
      PPS352 0.0369 0.0015 0.0050 0.8049 0.0351 0.1166 
      PUC008 0.1751 0.0001 0.0003 0.7831 0.0361 0.0053 
      RDO007 0.0008 0.0625 0.0906 0.7597 0.0820 0.0044 
      TLP025 0.0051 0.0002 0.0005 0.7867 0.1599 0.0475 
      TLP123 0.0028 0.0001 0.0003 0.7728 0.1428 0.0812 
    UFAC1007 0.1776 0.0004 0.0005 0.8104 0.0047 0.0064 
     UFAC305 0.1801 0.0001 0.0002 0.7860 0.0062 0.0274 
     UFAC476 0.1811 0.0001 0.0003 0.8108 0.0025 0.0052 
      UHE442 0.0046 0.0232 0.0555 0.7488 0.1654 0.0025 
      UNA002 0.0004 0.2637 0.0220 0.7126 0.0010 0.0003 
      UNA018 0.0003 0.2795 0.0160 0.7029 0.0009 0.0004 
      UNA088 0.0008 0.2320 0.0304 0.7318 0.0040 0.0010 
      UNA110 0.0003 0.2708 0.0234 0.7044 0.0008 0.0003 
      UNA124 0.0006 0.2541 0.0116 0.7312 0.0018 0.0008 
       WM281 0.0071 0.0080 0.0146 0.8006 0.1588 0.0110 
       WM293 0.0016 0.0016 0.0387 0.7647 0.1923 0.0012 
