      AMA340 0.0026 0.2081 0.0009 0.7828 0.0003 0.0002 0.0052 
      AMA601 0.0069 0.1871 0.0051 0.7935 0.0005 0.0001 0.0068 
      AMA656 0.0127 0.1760 0.0020 0.8029 0.0004 0.0002 0.0057 
    AMANA034 0.0823 0.0623 0.0140 0.8151 0.0021 0.0005 0.0237 
    AMANA137 0.0974 0.0409 0.0076 0.8124 0.0040 0.0003 0.0373 
      AMZ551 0.1302 0.0505 0.0333 0.7586 0.0030 0.0086 0.0158 
      AMZ610 0.1091 0.0434 0.0385 0.7918 0.0008 0.0038 0.0126 
       B4615 0.0021 0.2102 0.0005 0.7823 0.0003 0.0001 0.0045 
       B5082 0.0027 0.1938 0.0051 0.7949 0.0004 0.0002 0.0028 
       BR033 0.2368 0.0012 0.0008 0.7595 0.0008 0.0002 0.0006 
       BR036 0.2102 0.0019 0.0145 0.7677 0.0024 0.0002 0.0031 
     BR36440 0.0091 0.1605 0.0013 0.8054 0.0015 0.0011 0.0211 
      CAM117 0.0021 0.2198 0.0031 0.7707 0.0003 0.0002 0.0037 
      CPE012 0.0015 0.0004 0.0002 0.6986 0.0570 0.2420 0.0003 
      CPE025 0.0034 0.0004 0.0005 0.7072 0.0583 0.2297 0.0006 
      CPE049 0.0035 0.0006 0.0003 0.7361 0.0512 0.2079 0.0003 
      CPE069 0.0079 0.0008 0.0004 0.7021 0.0439 0.2445 0.0003 
    CPEII008 0.0022 0.0004 0.0002 0.7011 0.0511 0.2446 0.0003 
      CUJ027 0.0091 0.1833 0.0040 0.7838 0.0007 0.0002 0.0190 
      CUJ072 0.0175 0.1732 0.0015 0.7984 0.0005 0.0001 0.0088 
      FPR006 0.0035 0.0123 0.0009 0.7689 0.0005 0.0001 0.2138 
      FPR015 0.1011 0.0643 0.0031 0.7988 0.0022 0.0003 0.0302 
      FPR021 0.1148 0.0543 0.0111 0.7709 0.0004 0.0001 0.0485 
    GAPTO259 0.0023 0.0006 0.0007 0.7303 0.2286 0.0372 0.0003 
    GAPTO268 0.0015 0.0005 0.0002 0.7295 0.2379 0.0300 0.0004 
    GAPTO277 0.0108 0.0007 0.0004 0.7857 0.1675 0.0330 0.0019 
    GAPTO327 0.0024 0.0005 0.0003 0.7334 0.2241 0.0382 0.0010 
      MAM010 0.0856 0.0718 0.0079 0.7934 0.0018 0.0002 0.0393 
      MAR092 0.0907 0.0657 0.0043 0.8091 0.0007 0.0004 0.0291 
       MF005 0.2071 0.0016 0.0018 0.7604 0.0253 0.0011 0.0027 
     MPDS628 0.0855 0.0380 0.0011 0.8225 0.0024 0.0005 0.0500 
      MSF107 0.1449 0.0030 0.0167 0.8115 0.0065 0.0138 0.0035 
       MT087 0.0277 0.0473 0.1500 0.7597 0.0004 0.0001 0.0148 
       MT123 0.0093 0.0325 0.1817 0.7646 0.0004 0.0001 0.0115 
       OM022 0.0206 0.1636 0.0023 0.7672 0.0003 0.0002 0.0458 
       OM112 0.0067 0.1466 0.0007 0.7659 0.0004 0.0001 0.0796 
       OM172 0.0112 0.1603 0.0010 0.7850 0.0005 0.0002 0.0418 
       OP100 0.0266 0.0953 0.0724 0.7585 0.0023 0.0002 0.0446 
     PIME024 0.1306 0.0422 0.0041 0.7775 0.0004 0.0003 0.0448 
     PIME062 0.1217 0.0626 0.0128 0.7853 0.0003 0.0001 0.0172 
     PIME079 0.0901 0.0736 0.0027 0.8147 0.0004 0.0005 0.0180 
     PIME134 0.1559 0.0018 0.0005 0.7831 0.0497 0.0082 0.0008 
     PIME135 0.1859 0.0011 0.0003 0.7739 0.0352 0.0030 0.0007 
     PIME169 0.1102 0.0622 0.0082 0.7902 0.0006 0.0001 0.0286 
     PIME460 0.0820 0.0610 0.0129 0.7813 0.0005 0.0002 0.0621 
     PIME482 0.1944 0.0018 0.0009 0.7914 0.0091 0.0010 0.0015 
     PIME521 0.1613 0.0034 0.0035 0.8007 0.0289 0.0007 0.0015 
     PIME522 0.2079 0.0026 0.0014 0.7817 0.0033 0.0010 0.0020 
    PPBIO221 0.1133 0.0011 0.0007 0.7974 0.0580 0.0287 0.0010 
    PPBIO305 0.1388 0.0009 0.0009 0.7821 0.0404 0.0359 0.0010 
      PPS041 0.0636 0.0385 0.0847 0.7963 0.0013 0.0003 0.0152 
      PPS174 0.1789 0.0008 0.0131 0.8052 0.0004 0.0004 0.0012 
      PPS221 0.0382 0.0411 0.1039 0.8094 0.0008 0.0003 0.0063 
      PPS352 0.0592 0.0430 0.0632 0.8066 0.0052 0.0015 0.0213 
      PUC008 0.0341 0.1695 0.0006 0.7836 0.0003 0.0002 0.0118 
      RDO007 0.0771 0.0008 0.0011 0.7606 0.0941 0.0616 0.0047 
      TLP025 0.1692 0.0077 0.0333 0.7878 0.0005 0.0002 0.0013 
      TLP123 0.1614 0.0039 0.0519 0.7742 0.0003 0.0001 0.0082 
    UFAC1007 0.0052 0.1800 0.0012 0.8110 0.0005 0.0004 0.0017 
     UFAC305 0.0080 0.1777 0.0018 0.7865 0.0002 0.0001 0.0256 
     UFAC476 0.0029 0.1758 0.0006 0.8112 0.0004 0.0001 0.0090 
      UHE442 0.1621 0.0052 0.0009 0.7496 0.0580 0.0231 0.0010 
      UNA002 0.0010 0.0004 0.0002 0.7132 0.0235 0.2614 0.0002 
      UNA018 0.0011 0.0003 0.0002 0.7036 0.0177 0.2769 0.0002 
      UNA088 0.0041 0.0008 0.0004 0.7325 0.0323 0.2289 0.0011 
      UNA110 0.0009 0.0004 0.0001 0.7051 0.0247 0.2686 0.0002 
      UNA124 0.0021 0.0006 0.0004 0.7319 0.0128 0.2517 0.0005 
       WM281 0.1620 0.0074 0.0025 0.8015 0.0159 0.0072 0.0035 
       WM293 0.1839 0.0014 0.0003 0.7658 0.0407 0.0019 0.0060 
