      AMA340 0.0015 0.9976 0.0009 
      AMA601 0.0037 0.9957 0.0006 
      AMA656 0.0042 0.9948 0.0010 
    AMANA034 0.0665 0.9288 0.0046 
    AMANA137 0.1612 0.8369 0.0019 
      AMZ551 0.1726 0.7354 0.0920 
      AMZ610 0.0737 0.8501 0.0762 
       B4615 0.0017 0.9976 0.0007 
       B5082 0.0027 0.9964 0.0010 
       BR033 0.3294 0.6400 0.0307 
       BR036 0.3248 0.6724 0.0028 
     BR36440 0.0104 0.9844 0.0051 
      CAM117 0.0018 0.9969 0.0012 
      CPE012 0.1103 0.0033 0.8864 
      CPE025 0.1292 0.0039 0.8669 
      CPE049 0.1371 0.0091 0.8538 
      CPE069 0.0730 0.0066 0.9205 
    CPEII008 0.0933 0.0028 0.9039 
      CUJ027 0.0071 0.9920 0.0009 
      CUJ072 0.0073 0.9920 0.0007 
      FPR006 0.0450 0.9541 0.0009 
      FPR015 0.1570 0.8392 0.0038 
      FPR021 0.1249 0.8741 0.0010 
    GAPTO259 0.7561 0.0046 0.2393 
    GAPTO268 0.7748 0.0035 0.2216 
    GAPTO277 0.6915 0.0649 0.2437 
    GAPTO327 0.7413 0.0062 0.2525 
      MAM010 0.1184 0.8799 0.0017 
      MAR092 0.1021 0.8910 0.0069 
       MF005 0.3556 0.5548 0.0896 
     MPDS628 0.1511 0.8438 0.0051 
      MSF107 0.3686 0.5267 0.1048 
       MT087 0.1102 0.8887 0.0011 
       MT123 0.0926 0.9069 0.0005 
       OM022 0.0104 0.9882 0.0014 
       OM112 0.0046 0.9947 0.0007 
       OM172 0.0076 0.9910 0.0014 
       OP100 0.0982 0.9004 0.0015 
     PIME024 0.1385 0.8457 0.0158 
     PIME062 0.1026 0.8966 0.0008 
     PIME079 0.0516 0.9241 0.0244 
     PIME134 0.3737 0.5069 0.1195 
     PIME135 0.4008 0.4984 0.1008 
     PIME169 0.1303 0.8682 0.0015 
     PIME460 0.0881 0.9100 0.0019 
     PIME482 0.3152 0.6205 0.0643 
     PIME521 0.3705 0.6091 0.0204 
     PIME522 0.2738 0.6447 0.0814 
    PPBIO221 0.3836 0.4297 0.1867 
    PPBIO305 0.3549 0.4284 0.2167 
      PPS041 0.1211 0.8759 0.0030 
      PPS174 0.2994 0.6834 0.0173 
      PPS221 0.1009 0.8979 0.0012 
      PPS352 0.1405 0.8508 0.0087 
      PUC008 0.0070 0.9922 0.0008 
      RDO007 0.4364 0.2562 0.3073 
      TLP025 0.2400 0.7559 0.0041 
      TLP123 0.2241 0.7748 0.0010 
    UFAC1007 0.0044 0.9936 0.0020 
     UFAC305 0.0016 0.9979 0.0005 
     UFAC476 0.0028 0.9965 0.0006 
      UHE442 0.3649 0.4594 0.1757 
      UNA002 0.0101 0.0031 0.9868 
      UNA018 0.0043 0.0024 0.9932 
      UNA088 0.0673 0.0341 0.8986 
      UNA110 0.0089 0.0029 0.9882 
      UNA124 0.0093 0.0097 0.9810 
       WM281 0.2470 0.6251 0.1278 
       WM293 0.3735 0.5241 0.1024 
