      AMA340 0.0009 0.0016 0.9976 
      AMA601 0.0006 0.0038 0.9956 
      AMA656 0.0010 0.0041 0.9948 
    AMANA034 0.0045 0.0675 0.9279 
    AMANA137 0.0020 0.1630 0.8350 
      AMZ551 0.0915 0.1742 0.7343 
      AMZ610 0.0755 0.0748 0.8497 
       B4615 0.0007 0.0016 0.9976 
       B5082 0.0009 0.0027 0.9964 
       BR033 0.0299 0.3314 0.6388 
       BR036 0.0026 0.3263 0.6710 
     BR36440 0.0049 0.0104 0.9847 
      CAM117 0.0013 0.0019 0.9968 
      CPE012 0.8841 0.1125 0.0034 
      CPE025 0.8652 0.1308 0.0040 
      CPE049 0.8519 0.1399 0.0082 
      CPE069 0.9189 0.0747 0.0063 
    CPEII008 0.9013 0.0959 0.0028 
      CUJ027 0.0009 0.0075 0.9917 
      CUJ072 0.0007 0.0075 0.9918 
      FPR006 0.0009 0.0467 0.9524 
      FPR015 0.0038 0.1583 0.8379 
      FPR021 0.0010 0.1252 0.8738 
    GAPTO259 0.2397 0.7558 0.0045 
    GAPTO268 0.2204 0.7759 0.0038 
    GAPTO277 0.2433 0.6935 0.0632 
    GAPTO327 0.2510 0.7431 0.0060 
      MAM010 0.0017 0.1192 0.8791 
      MAR092 0.0071 0.1025 0.8903 
       MF005 0.0890 0.3574 0.5536 
     MPDS628 0.0049 0.1530 0.8421 
      MSF107 0.1058 0.3706 0.5236 
       MT087 0.0011 0.1111 0.8878 
       MT123 0.0005 0.0934 0.9061 
       OM022 0.0013 0.0113 0.9874 
       OM112 0.0006 0.0047 0.9946 
       OM172 0.0014 0.0081 0.9904 
       OP100 0.0015 0.0995 0.8990 
     PIME024 0.0151 0.1407 0.8442 
     PIME062 0.0007 0.1044 0.8948 
     PIME079 0.0238 0.0536 0.9226 
     PIME134 0.1191 0.3756 0.5053 
     PIME135 0.0997 0.4037 0.4966 
     PIME169 0.0015 0.1313 0.8672 
     PIME460 0.0020 0.0897 0.9083 
     PIME482 0.0644 0.3167 0.6189 
     PIME521 0.0202 0.3723 0.6076 
     PIME522 0.0820 0.2754 0.6426 
    PPBIO221 0.1856 0.3852 0.4292 
    PPBIO305 0.2160 0.3569 0.4271 
      PPS041 0.0028 0.1226 0.8746 
      PPS174 0.0171 0.3009 0.6820 
      PPS221 0.0011 0.1019 0.8970 
      PPS352 0.0090 0.1421 0.8489 
      PUC008 0.0008 0.0073 0.9918 
      RDO007 0.3061 0.4382 0.2557 
      TLP025 0.0041 0.2416 0.7543 
      TLP123 0.0010 0.2264 0.7726 
    UFAC1007 0.0020 0.0045 0.9936 
     UFAC305 0.0005 0.0016 0.9979 
     UFAC476 0.0006 0.0028 0.9966 
      UHE442 0.1753 0.3672 0.4575 
      UNA002 0.9859 0.0109 0.0033 
      UNA018 0.9933 0.0043 0.0024 
      UNA088 0.8981 0.0686 0.0333 
      UNA110 0.9888 0.0084 0.0028 
      UNA124 0.9813 0.0094 0.0093 
       WM281 0.1262 0.2492 0.6246 
       WM293 0.1021 0.3754 0.5225 
