      AMA340 0.0003 0.0045 0.1077 0.0020 0.0003 0.1004 0.0038 0.7809 
      AMA601 0.0006 0.0147 0.0880 0.0027 0.0002 0.0939 0.0085 0.7913 
      AMA656 0.0005 0.0071 0.0844 0.0031 0.0002 0.0865 0.0174 0.8008 
    AMANA034 0.0019 0.0300 0.0601 0.0137 0.0005 0.0152 0.0658 0.8128 
    AMANA137 0.0033 0.0152 0.0594 0.0289 0.0003 0.0049 0.0783 0.8098 
      AMZ551 0.0025 0.0514 0.0511 0.0059 0.0076 0.0069 0.1186 0.7561 
      AMZ610 0.0007 0.0620 0.0374 0.0029 0.0031 0.0102 0.0940 0.7896 
       B4615 0.0004 0.0022 0.0888 0.0042 0.0002 0.1193 0.0045 0.7805 
       B5082 0.0005 0.0146 0.0977 0.0008 0.0002 0.0908 0.0026 0.7929 
       BR033 0.0007 0.0015 0.0020 0.0004 0.0003 0.0003 0.2375 0.7572 
       BR036 0.0026 0.0185 0.0052 0.0014 0.0002 0.0004 0.2065 0.7653 
     BR36440 0.0014 0.0022 0.1582 0.0029 0.0011 0.0229 0.0073 0.8039 
      CAM117 0.0004 0.0243 0.0307 0.0169 0.0003 0.1544 0.0051 0.7679 
      CPE012 0.0593 0.0003 0.0006 0.0002 0.2375 0.0003 0.0025 0.6993 
      CPE025 0.0583 0.0011 0.0008 0.0007 0.2249 0.0002 0.0065 0.7076 
      CPE049 0.0517 0.0007 0.0008 0.0004 0.2028 0.0003 0.0068 0.7364 
      CPE069 0.0436 0.0008 0.0009 0.0003 0.2379 0.0005 0.0137 0.7023 
    CPEII008 0.0522 0.0005 0.0006 0.0002 0.2400 0.0002 0.0046 0.7017 
      CUJ027 0.0006 0.0085 0.1315 0.0031 0.0002 0.0694 0.0053 0.7815 
      CUJ072 0.0005 0.0049 0.0952 0.0039 0.0001 0.0800 0.0191 0.7963 
      FPR006 0.0001 0.0004 0.0018 0.2364 0.0001 0.0015 0.0008 0.7589 
      FPR015 0.0025 0.0092 0.1008 0.0094 0.0003 0.0026 0.0786 0.7967 
      FPR021 0.0003 0.0176 0.1019 0.0324 0.0001 0.0012 0.0787 0.7678 
    GAPTO259 0.2149 0.0035 0.0014 0.0003 0.0387 0.0003 0.0097 0.7312 
    GAPTO268 0.2276 0.0006 0.0015 0.0006 0.0327 0.0002 0.0061 0.7306 
    GAPTO277 0.1528 0.0007 0.0010 0.0031 0.0330 0.0003 0.0233 0.7858 
    GAPTO327 0.2108 0.0009 0.0019 0.0019 0.0401 0.0002 0.0099 0.7343 
      MAM010 0.0021 0.0200 0.0934 0.0186 0.0002 0.0155 0.0594 0.7907 
      MAR092 0.0007 0.0083 0.0755 0.0149 0.0004 0.0137 0.0797 0.8068 
       MF005 0.0233 0.0033 0.0044 0.0020 0.0012 0.0004 0.2069 0.7584 
     MPDS628 0.0018 0.0027 0.0686 0.0436 0.0005 0.0025 0.0609 0.8195 
      MSF107 0.0054 0.0237 0.0035 0.0038 0.0140 0.0012 0.1388 0.8096 
       MT087 0.0003 0.2021 0.0335 0.0015 0.0001 0.0027 0.0042 0.7557 
       MT123 0.0002 0.2291 0.0044 0.0008 0.0001 0.0031 0.0024 0.7600 
       OM022 0.0003 0.0032 0.1862 0.0046 0.0002 0.0334 0.0075 0.7646 
       OM112 0.0003 0.0007 0.2285 0.0023 0.0001 0.0033 0.0019 0.7630 
       OM172 0.0004 0.0012 0.1727 0.0059 0.0002 0.0328 0.0044 0.7824 
       OP100 0.0011 0.0995 0.1256 0.0077 0.0002 0.0062 0.0049 0.7549 
     PIME024 0.0004 0.0062 0.0780 0.0379 0.0003 0.0012 0.1018 0.7743 
     PIME062 0.0003 0.0168 0.0880 0.0023 0.0001 0.0062 0.1032 0.7831 
     PIME079 0.0004 0.0063 0.0801 0.0035 0.0005 0.0197 0.0767 0.8128 
     PIME134 0.0460 0.0009 0.0028 0.0004 0.0090 0.0005 0.1588 0.7816 
     PIME135 0.0319 0.0005 0.0012 0.0007 0.0034 0.0004 0.1895 0.7722 
     PIME169 0.0006 0.0134 0.0972 0.0038 0.0001 0.0036 0.0933 0.7881 
     PIME460 0.0005 0.0237 0.1237 0.0329 0.0002 0.0010 0.0399 0.7781 
     PIME482 0.0094 0.0017 0.0057 0.0006 0.0012 0.0004 0.1916 0.7895 
     PIME521 0.0269 0.0053 0.0026 0.0014 0.0007 0.0018 0.1620 0.7992 
     PIME522 0.0035 0.0028 0.0039 0.0011 0.0011 0.0008 0.2072 0.7796 
    PPBIO221 0.0531 0.0011 0.0018 0.0007 0.0286 0.0004 0.1181 0.7963 
    PPBIO305 0.0369 0.0014 0.0012 0.0006 0.0359 0.0003 0.1428 0.7808 
      PPS041 0.0010 0.1246 0.0283 0.0044 0.0003 0.0055 0.0425 0.7934 
      PPS174 0.0003 0.0087 0.0009 0.0009 0.0004 0.0003 0.1854 0.8030 
      PPS221 0.0006 0.1501 0.0248 0.0014 0.0002 0.0047 0.0117 0.8065 
      PPS352 0.0039 0.0956 0.0600 0.0046 0.0015 0.0019 0.0289 0.8035 
      PUC008 0.0003 0.0018 0.0915 0.0053 0.0002 0.0815 0.0380 0.7815 
      RDO007 0.0863 0.0019 0.0016 0.0025 0.0598 0.0003 0.0877 0.7600 
      TLP025 0.0005 0.0437 0.0079 0.0004 0.0002 0.0014 0.1606 0.7854 
      TLP123 0.0003 0.0685 0.0063 0.0025 0.0001 0.0007 0.1503 0.7713 
    UFAC1007 0.0005 0.0039 0.0871 0.0007 0.0006 0.0913 0.0068 0.8090 
     UFAC305 0.0002 0.0048 0.1413 0.0030 0.0001 0.0616 0.0048 0.7842 
     UFAC476 0.0004 0.0028 0.0891 0.0043 0.0002 0.0900 0.0038 0.8093 
      UHE442 0.0535 0.0018 0.0038 0.0008 0.0233 0.0021 0.1663 0.7483 
      UNA002 0.0275 0.0003 0.0006 0.0002 0.2560 0.0002 0.0013 0.7138 
      UNA018 0.0230 0.0004 0.0004 0.0002 0.2705 0.0001 0.0012 0.7041 
      UNA088 0.0348 0.0007 0.0034 0.0004 0.2228 0.0002 0.0052 0.7325 
      UNA110 0.0285 0.0003 0.0005 0.0002 0.2636 0.0002 0.0011 0.7057 
      UNA124 0.0181 0.0007 0.0010 0.0003 0.2451 0.0002 0.0025 0.7321 
       WM281 0.0163 0.0048 0.0224 0.0014 0.0086 0.0012 0.1454 0.7999 
       WM293 0.0372 0.0006 0.0017 0.0068 0.0019 0.0006 0.1875 0.7638 
