      AMA340 0.0019 0.0002 0.0011 0.7844 0.0047 0.0002 0.0019 0.2056 
      AMA601 0.0031 0.0004 0.0042 0.7950 0.0172 0.0001 0.0012 0.1788 
      AMA656 0.0067 0.0003 0.0017 0.8041 0.0171 0.0002 0.0014 0.1685 
    AMANA034 0.0207 0.0013 0.0099 0.8157 0.0974 0.0005 0.0064 0.0481 
    AMANA137 0.0175 0.0023 0.0038 0.8141 0.1271 0.0003 0.0096 0.0254 
      AMZ551 0.0910 0.0018 0.0306 0.7600 0.0670 0.0063 0.0037 0.0396 
      AMZ610 0.0724 0.0006 0.0361 0.7934 0.0615 0.0024 0.0027 0.0309 
       B4615 0.0015 0.0002 0.0004 0.7837 0.0022 0.0001 0.0022 0.2096 
       B5082 0.0016 0.0003 0.0059 0.7966 0.0059 0.0002 0.0008 0.1887 
       BR033 0.2317 0.0006 0.0005 0.7606 0.0051 0.0002 0.0003 0.0010 
       BR036 0.2085 0.0022 0.0086 0.7689 0.0086 0.0002 0.0013 0.0016 
     BR36440 0.0053 0.0013 0.0010 0.8065 0.0121 0.0011 0.0075 0.1653 
      CAM117 0.0015 0.0003 0.0047 0.7723 0.0023 0.0002 0.0016 0.2170 
      CPE012 0.0017 0.0489 0.0001 0.7022 0.0008 0.2455 0.0002 0.0005 
      CPE025 0.0037 0.0481 0.0005 0.7107 0.0029 0.2333 0.0003 0.0004 
      CPE049 0.0058 0.0423 0.0003 0.7392 0.0015 0.2100 0.0002 0.0007 
      CPE069 0.0100 0.0357 0.0003 0.7051 0.0027 0.2452 0.0002 0.0008 
    CPEII008 0.0034 0.0425 0.0002 0.7045 0.0010 0.2478 0.0002 0.0005 
      CUJ027 0.0018 0.0004 0.0022 0.7848 0.0410 0.0001 0.0021 0.1676 
      CUJ072 0.0071 0.0004 0.0014 0.7996 0.0239 0.0001 0.0019 0.1656 
      FPR006 0.0007 0.0002 0.0004 0.7659 0.0009 0.0001 0.2290 0.0028 
      FPR015 0.0116 0.0014 0.0012 0.7998 0.1325 0.0002 0.0044 0.0488 
      FPR021 0.0051 0.0002 0.0027 0.7709 0.1854 0.0001 0.0098 0.0259 
    GAPTO259 0.0144 0.1993 0.0025 0.7360 0.0036 0.0431 0.0002 0.0010 
    GAPTO268 0.0096 0.2127 0.0003 0.7354 0.0038 0.0368 0.0005 0.0008 
    GAPTO277 0.0257 0.1408 0.0003 0.7898 0.0044 0.0365 0.0018 0.0006 
    GAPTO327 0.0083 0.1956 0.0005 0.7390 0.0101 0.0443 0.0015 0.0008 
      MAM010 0.0108 0.0010 0.0034 0.7940 0.1146 0.0002 0.0173 0.0587 
      MAR092 0.0234 0.0005 0.0021 0.8100 0.0986 0.0003 0.0136 0.0514 
       MF005 0.1239 0.0212 0.0007 0.7618 0.0894 0.0013 0.0007 0.0009 
     MPDS628 0.0088 0.0011 0.0007 0.8232 0.1175 0.0004 0.0307 0.0175 
      MSF107 0.1424 0.0039 0.0126 0.8130 0.0108 0.0131 0.0018 0.0025 
       MT087 0.0038 0.0003 0.1417 0.7609 0.0680 0.0001 0.0013 0.0239 
       MT123 0.0053 0.0002 0.1854 0.7662 0.0208 0.0001 0.0020 0.0200 
       OM022 0.0102 0.0002 0.0020 0.7678 0.0214 0.0002 0.0356 0.1626 
       OM112 0.0024 0.0003 0.0007 0.7659 0.0080 0.0001 0.0739 0.1488 
       OM172 0.0059 0.0003 0.0010 0.7857 0.0121 0.0002 0.0366 0.1584 
       OP100 0.0018 0.0006 0.0624 0.7588 0.0969 0.0001 0.0085 0.0709 
     PIME024 0.0088 0.0003 0.0012 0.7779 0.1813 0.0002 0.0132 0.0172 
     PIME062 0.0171 0.0002 0.0045 0.7861 0.1493 0.0001 0.0014 0.0412 
     PIME079 0.0091 0.0003 0.0014 0.8158 0.1096 0.0004 0.0026 0.0609 
     PIME134 0.1435 0.0420 0.0004 0.7853 0.0168 0.0100 0.0004 0.0016 
     PIME135 0.1784 0.0278 0.0002 0.7756 0.0123 0.0043 0.0004 0.0009 
     PIME169 0.0336 0.0004 0.0033 0.7910 0.1189 0.0001 0.0038 0.0488 
     PIME460 0.0024 0.0003 0.0039 0.7816 0.1525 0.0001 0.0233 0.0358 
     PIME482 0.1468 0.0075 0.0005 0.7927 0.0497 0.0012 0.0004 0.0012 
     PIME521 0.1615 0.0237 0.0022 0.8024 0.0060 0.0007 0.0009 0.0027 
     PIME522 0.2004 0.0022 0.0009 0.7828 0.0097 0.0010 0.0008 0.0021 
    PPBIO221 0.1123 0.0471 0.0004 0.7999 0.0079 0.0309 0.0005 0.0009 
    PPBIO305 0.1380 0.0327 0.0007 0.7843 0.0055 0.0374 0.0006 0.0008 
      PPS041 0.0372 0.0009 0.0830 0.7976 0.0478 0.0003 0.0063 0.0270 
      PPS174 0.1859 0.0002 0.0047 0.8060 0.0015 0.0003 0.0007 0.0006 
      PPS221 0.0349 0.0006 0.1080 0.8112 0.0065 0.0003 0.0040 0.0346 
      PPS352 0.0154 0.0027 0.0549 0.8078 0.0906 0.0012 0.0041 0.0231 
      PUC008 0.0062 0.0002 0.0004 0.7848 0.0488 0.0001 0.0022 0.1573 
      RDO007 0.0826 0.0776 0.0011 0.7635 0.0081 0.0637 0.0027 0.0007 
      TLP025 0.1663 0.0004 0.0310 0.7889 0.0074 0.0002 0.0005 0.0054 
      TLP123 0.1615 0.0003 0.0479 0.7754 0.0093 0.0001 0.0026 0.0029 
    UFAC1007 0.0027 0.0004 0.0011 0.8124 0.0088 0.0004 0.0004 0.1737 
     UFAC305 0.0040 0.0002 0.0023 0.7876 0.0261 0.0001 0.0059 0.1738 
     UFAC476 0.0021 0.0003 0.0006 0.8126 0.0050 0.0001 0.0027 0.1765 
      UHE442 0.1242 0.0485 0.0006 0.7520 0.0456 0.0252 0.0004 0.0035 
      UNA002 0.0007 0.0225 0.0002 0.7161 0.0007 0.2594 0.0001 0.0004 
      UNA018 0.0007 0.0184 0.0002 0.7060 0.0005 0.2738 0.0001 0.0003 
      UNA088 0.0032 0.0289 0.0004 0.7354 0.0029 0.2279 0.0006 0.0008 
      UNA110 0.0006 0.0238 0.0001 0.7079 0.0005 0.2666 0.0001 0.0003 
      UNA124 0.0013 0.0133 0.0003 0.7342 0.0012 0.2490 0.0003 0.0005 
       WM281 0.1158 0.0124 0.0016 0.8032 0.0531 0.0078 0.0010 0.0050 
       WM293 0.1783 0.0332 0.0002 0.7676 0.0131 0.0019 0.0044 0.0012 
