      AMA340 0.9727 0.0013 0.0252 0.0009 
      AMA601 0.9360 0.0007 0.0614 0.0018 
      AMA656 0.9327 0.0014 0.0636 0.0023 
    AMANA034 0.6288 0.0038 0.3600 0.0074 
    AMANA137 0.5741 0.0024 0.3912 0.0323 
      AMZ551 0.4753 0.0943 0.4056 0.0248 
      AMZ610 0.5492 0.0581 0.3894 0.0033 
       B4615 0.9891 0.0010 0.0086 0.0013 
       B5082 0.9833 0.0013 0.0131 0.0023 
       BR033 0.2705 0.0322 0.6481 0.0492 
       BR036 0.2976 0.0030 0.6442 0.0551 
     BR36440 0.9535 0.0059 0.0335 0.0071 
      CAM117 0.9783 0.0019 0.0185 0.0013 
      CPE012 0.0032 0.9251 0.0030 0.0687 
      CPE025 0.0032 0.9288 0.0121 0.0560 
      CPE049 0.0071 0.9144 0.0168 0.0617 
      CPE069 0.0045 0.9610 0.0066 0.0279 
    CPEII008 0.0024 0.9487 0.0043 0.0446 
      CUJ027 0.9118 0.0010 0.0818 0.0055 
      CUJ072 0.9122 0.0008 0.0845 0.0025 
      FPR006 0.6488 0.0007 0.3495 0.0010 
      FPR015 0.5962 0.0038 0.3662 0.0338 
      FPR021 0.5485 0.0010 0.4472 0.0033 
    GAPTO259 0.0069 0.2341 0.0133 0.7457 
    GAPTO268 0.0053 0.2144 0.0206 0.7597 
    GAPTO277 0.0334 0.2318 0.1468 0.5880 
    GAPTO327 0.0096 0.2413 0.0154 0.7337 
      MAM010 0.6342 0.0017 0.3291 0.0349 
      MAR092 0.6492 0.0059 0.3403 0.0045 
       MF005 0.2657 0.0900 0.5079 0.1365 
     MPDS628 0.6345 0.0071 0.3366 0.0218 
      MSF107 0.2124 0.1526 0.5517 0.0834 
       MT087 0.5067 0.0007 0.4913 0.0013 
       MT123 0.4297 0.0004 0.5691 0.0007 
       OM022 0.8260 0.0011 0.1717 0.0012 
       OM112 0.8845 0.0007 0.1134 0.0015 
       OM172 0.8619 0.0013 0.1348 0.0020 
       OP100 0.6075 0.0012 0.3875 0.0038 
     PIME024 0.5461 0.0104 0.4410 0.0025 
     PIME062 0.5778 0.0007 0.4196 0.0019 
     PIME079 0.6654 0.0121 0.3210 0.0015 
     PIME134 0.2782 0.1262 0.4129 0.1828 
     PIME135 0.2506 0.1079 0.4793 0.1622 
     PIME169 0.5783 0.0012 0.4128 0.0077 
     PIME460 0.6570 0.0018 0.3392 0.0021 
     PIME482 0.3017 0.0643 0.5409 0.0931 
     PIME521 0.3127 0.0238 0.5074 0.1562 
     PIME522 0.3398 0.0871 0.5115 0.0616 
    PPBIO221 0.1979 0.1952 0.4082 0.1986 
    PPBIO305 0.1874 0.2296 0.4271 0.1559 
      PPS041 0.5327 0.0022 0.4607 0.0044 
      PPS174 0.2542 0.0144 0.7288 0.0027 
      PPS221 0.5099 0.0010 0.4864 0.0027 
      PPS352 0.5367 0.0077 0.4461 0.0095 
      PUC008 0.8780 0.0009 0.1196 0.0015 
      RDO007 0.0931 0.3183 0.2979 0.2907 
      TLP025 0.3841 0.0037 0.6051 0.0071 
      TLP123 0.3195 0.0008 0.6779 0.0017 
    UFAC1007 0.9521 0.0030 0.0422 0.0026 
     UFAC305 0.9142 0.0006 0.0846 0.0007 
     UFAC476 0.9627 0.0008 0.0349 0.0016 
      UHE442 0.2709 0.1823 0.3425 0.2043 
      UNA002 0.0025 0.9878 0.0022 0.0074 
      UNA018 0.0017 0.9941 0.0024 0.0019 
      UNA088 0.0128 0.9273 0.0321 0.0278 
      UNA110 0.0021 0.9891 0.0023 0.0065 
      UNA124 0.0046 0.9874 0.0053 0.0028 
       WM281 0.3749 0.1398 0.4190 0.0663 
       WM293 0.2619 0.1047 0.4711 0.1623 
