      AMA340 0.8616 0.0012 0.0009 0.1363 
      AMA601 0.8249 0.0007 0.0015 0.1729 
      AMA656 0.8106 0.0012 0.0022 0.1860 
    AMANA034 0.5048 0.0040 0.0080 0.4832 
    AMANA137 0.4583 0.0024 0.0360 0.5033 
      AMZ551 0.3871 0.0944 0.0345 0.4839 
      AMZ610 0.4414 0.0618 0.0038 0.4930 
       B4615 0.8907 0.0010 0.0014 0.1069 
       B5082 0.8665 0.0012 0.0021 0.1302 
       BR033 0.1980 0.0410 0.0643 0.6967 
       BR036 0.2169 0.0038 0.0679 0.7114 
     BR36440 0.7976 0.0061 0.0070 0.1894 
      CAM117 0.8814 0.0017 0.0012 0.1156 
      CPE012 0.0027 0.9132 0.0805 0.0036 
      CPE025 0.0025 0.9180 0.0677 0.0118 
      CPE049 0.0058 0.9009 0.0743 0.0190 
      CPE069 0.0037 0.9528 0.0363 0.0072 
    CPEII008 0.0021 0.9373 0.0561 0.0045 
      CUJ027 0.7937 0.0009 0.0051 0.2003 
      CUJ072 0.8021 0.0008 0.0022 0.1949 
      FPR006 0.5233 0.0007 0.0011 0.4748 
      FPR015 0.4790 0.0038 0.0391 0.4781 
      FPR021 0.4346 0.0010 0.0059 0.5585 
    GAPTO259 0.0053 0.2306 0.7441 0.0200 
    GAPTO268 0.0043 0.2104 0.7586 0.0267 
    GAPTO277 0.0230 0.2241 0.5843 0.1686 
    GAPTO327 0.0076 0.2381 0.7337 0.0206 
      MAM010 0.5166 0.0016 0.0381 0.4436 
      MAR092 0.5263 0.0061 0.0052 0.4625 
       MF005 0.1924 0.0931 0.1439 0.5706 
     MPDS628 0.5081 0.0077 0.0276 0.4565 
      MSF107 0.1499 0.1496 0.0990 0.6016 
       MT087 0.4056 0.0009 0.0020 0.5915 
       MT123 0.3373 0.0005 0.0009 0.6613 
       OM022 0.7166 0.0012 0.0013 0.2808 
       OM112 0.7742 0.0006 0.0015 0.2237 
       OM172 0.7463 0.0012 0.0020 0.2504 
       OP100 0.4987 0.0014 0.0050 0.4949 
     PIME024 0.4367 0.0127 0.0041 0.5464 
     PIME062 0.4561 0.0007 0.0026 0.5407 
     PIME079 0.5429 0.0112 0.0016 0.4443 
     PIME134 0.2066 0.1273 0.1893 0.4768 
     PIME135 0.1822 0.1097 0.1729 0.5352 
     PIME169 0.4615 0.0015 0.0104 0.5266 
     PIME460 0.5286 0.0018 0.0026 0.4669 
     PIME482 0.2208 0.0679 0.0999 0.6114 
     PIME521 0.2314 0.0271 0.1656 0.5759 
     PIME522 0.2520 0.0907 0.0701 0.5872 
    PPBIO221 0.1422 0.1946 0.2029 0.4603 
    PPBIO305 0.1342 0.2299 0.1632 0.4726 
      PPS041 0.4199 0.0027 0.0059 0.5716 
      PPS174 0.1800 0.0261 0.0061 0.7878 
      PPS221 0.3982 0.0010 0.0027 0.5980 
      PPS352 0.4301 0.0083 0.0112 0.5504 
      PUC008 0.7657 0.0009 0.0014 0.2320 
      RDO007 0.0646 0.3146 0.2942 0.3266 
      TLP025 0.2951 0.0064 0.0169 0.6816 
      TLP123 0.2313 0.0011 0.0043 0.7633 
    UFAC1007 0.8400 0.0027 0.0024 0.1549 
     UFAC305 0.7830 0.0006 0.0006 0.2158 
     UFAC476 0.8419 0.0008 0.0016 0.1556 
      UHE442 0.2125 0.1816 0.2109 0.3950 
      UNA002 0.0019 0.9865 0.0087 0.0029 
      UNA018 0.0014 0.9936 0.0019 0.0031 
      UNA088 0.0100 0.9200 0.0285 0.0415 
      UNA110 0.0018 0.9877 0.0077 0.0028 
      UNA124 0.0036 0.9853 0.0033 0.0077 
       WM281 0.2767 0.1389 0.0792 0.5051 
       WM293 0.1947 0.1075 0.1703 0.5274 
