      AMA340 0.0016 0.0009 0.9975 
      AMA601 0.0038 0.0006 0.9956 
      AMA656 0.0042 0.0010 0.9947 
    AMANA034 0.0691 0.0046 0.9263 
    AMANA137 0.1622 0.0020 0.8358 
      AMZ551 0.1737 0.0921 0.7343 
      AMZ610 0.0743 0.0759 0.8498 
       B4615 0.0017 0.0007 0.9976 
       B5082 0.0028 0.0010 0.9963 
       BR033 0.3331 0.0288 0.6381 
       BR036 0.3276 0.0025 0.6698 
     BR36440 0.0106 0.0050 0.9843 
      CAM117 0.0018 0.0013 0.9969 
      CPE012 0.1104 0.8864 0.0033 
      CPE025 0.1282 0.8681 0.0038 
      CPE049 0.1370 0.8541 0.0089 
      CPE069 0.0722 0.9213 0.0066 
    CPEII008 0.0934 0.9036 0.0030 
      CUJ027 0.0074 0.0009 0.9917 
      CUJ072 0.0076 0.0007 0.9917 
      FPR006 0.0464 0.0009 0.9527 
      FPR015 0.1588 0.0042 0.8369 
      FPR021 0.1255 0.0011 0.8734 
    GAPTO259 0.7548 0.2408 0.0044 
    GAPTO268 0.7747 0.2216 0.0037 
    GAPTO277 0.6921 0.2434 0.0645 
    GAPTO327 0.7413 0.2527 0.0061 
      MAM010 0.1200 0.0018 0.8782 
      MAR092 0.1025 0.0074 0.8901 
       MF005 0.3569 0.0903 0.5528 
     MPDS628 0.1525 0.0054 0.8421 
      MSF107 0.3709 0.1037 0.5253 
       MT087 0.1116 0.0011 0.8873 
       MT123 0.0952 0.0005 0.9043 
       OM022 0.0109 0.0014 0.9877 
       OM112 0.0048 0.0006 0.9946 
       OM172 0.0077 0.0014 0.9909 
       OP100 0.0995 0.0015 0.8990 
     PIME024 0.1405 0.0157 0.8438 
     PIME062 0.1048 0.0007 0.8945 
     PIME079 0.0545 0.0238 0.9217 
     PIME134 0.3746 0.1196 0.5058 
     PIME135 0.4038 0.1000 0.4962 
     PIME169 0.1320 0.0015 0.8665 
     PIME460 0.0891 0.0020 0.9088 
     PIME482 0.3167 0.0648 0.6185 
     PIME521 0.3738 0.0191 0.6071 
     PIME522 0.2758 0.0818 0.6424 
    PPBIO221 0.3847 0.1868 0.4286 
    PPBIO305 0.3568 0.2168 0.4264 
      PPS041 0.1226 0.0028 0.8746 
      PPS174 0.3011 0.0176 0.6813 
      PPS221 0.1029 0.0012 0.8960 
      PPS352 0.1426 0.0090 0.8485 
      PUC008 0.0073 0.0008 0.9919 
      RDO007 0.4372 0.3081 0.2547 
      TLP025 0.2424 0.0039 0.7537 
      TLP123 0.2268 0.0011 0.7721 
    UFAC1007 0.0047 0.0020 0.9933 
     UFAC305 0.0017 0.0005 0.9978 
     UFAC476 0.0028 0.0006 0.9966 
      UHE442 0.3669 0.1759 0.4573 
      UNA002 0.0103 0.9865 0.0032 
      UNA018 0.0041 0.9936 0.0024 
      UNA088 0.0679 0.8984 0.0338 
      UNA110 0.0089 0.9883 0.0028 
      UNA124 0.0087 0.9820 0.0093 
       WM281 0.2485 0.1273 0.6242 
       WM293 0.3754 0.1027 0.5220 
