      AMA340 0.0010 0.9975 0.0015 
      AMA601 0.0006 0.9956 0.0038 
      AMA656 0.0010 0.9948 0.0042 
    AMANA034 0.0048 0.9259 0.0692 
    AMANA137 0.0019 0.8351 0.1630 
      AMZ551 0.0926 0.7338 0.1736 
      AMZ610 0.0757 0.8480 0.0763 
       B4615 0.0008 0.9976 0.0017 
       B5082 0.0010 0.9963 0.0028 
       BR033 0.0316 0.6369 0.3315 
       BR036 0.0028 0.6698 0.3274 
     BR36440 0.0050 0.9846 0.0104 
      CAM117 0.0014 0.9967 0.0019 
      CPE012 0.8882 0.0035 0.1084 
      CPE025 0.8688 0.0039 0.1273 
      CPE049 0.8552 0.0089 0.1359 
      CPE069 0.9233 0.0063 0.0704 
    CPEII008 0.9046 0.0029 0.0925 
      CUJ027 0.0010 0.9918 0.0072 
      CUJ072 0.0007 0.9916 0.0077 
      FPR006 0.0009 0.9510 0.0481 
      FPR015 0.0043 0.8370 0.1587 
      FPR021 0.0011 0.8728 0.1261 
    GAPTO259 0.2419 0.0045 0.7536 
    GAPTO268 0.2232 0.0037 0.7731 
    GAPTO277 0.2458 0.0636 0.6906 
    GAPTO327 0.2539 0.0058 0.7403 
      MAM010 0.0017 0.8783 0.1200 
      MAR092 0.0075 0.8896 0.1029 
       MF005 0.0905 0.5526 0.3570 
     MPDS628 0.0047 0.8427 0.1526 
      MSF107 0.1071 0.5226 0.3703 
       MT087 0.0011 0.8861 0.1129 
       MT123 0.0005 0.9036 0.0959 
       OM022 0.0014 0.9870 0.0116 
       OM112 0.0007 0.9945 0.0048 
       OM172 0.0013 0.9907 0.0080 
       OP100 0.0015 0.8987 0.0998 
     PIME024 0.0149 0.8430 0.1422 
     PIME062 0.0007 0.8939 0.1054 
     PIME079 0.0237 0.9216 0.0546 
     PIME134 0.1200 0.5047 0.3753 
     PIME135 0.1013 0.4956 0.4030 
     PIME169 0.0014 0.8661 0.1325 
     PIME460 0.0018 0.9090 0.0892 
     PIME482 0.0653 0.6177 0.3171 
     PIME521 0.0214 0.6062 0.3724 
     PIME522 0.0826 0.6424 0.2750 
    PPBIO221 0.1869 0.4275 0.3856 
    PPBIO305 0.2176 0.4260 0.3564 
      PPS041 0.0028 0.8735 0.1238 
      PPS174 0.0183 0.6801 0.3016 
      PPS221 0.0012 0.8947 0.1041 
      PPS352 0.0093 0.8473 0.1434 
      PUC008 0.0009 0.9919 0.0072 
      RDO007 0.3079 0.2546 0.4375 
      TLP025 0.0041 0.7533 0.2426 
      TLP123 0.0011 0.7713 0.2277 
    UFAC1007 0.0021 0.9933 0.0047 
     UFAC305 0.0005 0.9978 0.0017 
     UFAC476 0.0006 0.9964 0.0030 
      UHE442 0.1761 0.4572 0.3667 
      UNA002 0.9866 0.0032 0.0102 
      UNA018 0.9932 0.0023 0.0045 
      UNA088 0.8980 0.0334 0.0686 
      UNA110 0.9891 0.0029 0.0080 
      UNA124 0.9810 0.0098 0.0092 
       WM281 0.1279 0.6225 0.2496 
       WM293 0.1035 0.5216 0.3749 
