0.103778 0.096393 0.102537 0.100283 0.112351 0.115309 0.114870 0.093320 0.113097 0.119052 0.107858 0.104812 0.115963 0.115386 0.109224 0.104018 0.116538 0.100076 0.100657 0.118522 0.116237 0.115268 0.116512 0.108859 0.108897 0.114603 0.107398 0.104865 0.102953 0.098430 0.107688 0.113004 0.110604 0.110429 0.097898 0.113437 0.097831 0.109054 0.121202
0.096393 0.081445 0.087858 0.086796 0.104555 0.101177 0.100748 0.082270 0.105042 0.104784 0.098972 0.096375 0.101222 0.101136 0.094474 0.090724 0.102102 0.086616 0.086534 0.105053 0.104292 0.103496 0.101840 0.094058 0.094596 0.099829 0.093097 0.090709 0.088667 0.084952 0.094104 0.102258 0.096337 0.096642 0.089763 0.102932 0.089577 0.094770 0.106934
0.102537 0.087858 0.093277 0.092905 0.110699 0.107284 0.106854 0.088410 0.111186 0.110920 0.105117 0.102518 0.107495 0.107270 0.100758 0.096850 0.108282 0.092756 0.092642 0.111163 0.110432 0.109626 0.108102 0.100365 0.100737 0.105965 0.099141 0.096815 0.094805 0.091062 0.100214 0.108406 0.102472 0.102747 0.095907 0.109073 0.095720 0.100907 0.113069
0.100283 0.086796 0.092905 0.086148 0.108443 0.104299 0.103839 0.085926 0.108925 0.108338 0.102887 0.100269 0.106381 0.104632 0.099584 0.094338 0.106161 0.091000 0.089627 0.106143 0.108234 0.106451 0.106712 0.099236 0.098256 0.104996 0.096839 0.093914 0.092280 0.086038 0.095491 0.106354 0.099888 0.098451 0.093644 0.106656 0.093455 0.098376 0.110487
0.112351 0.104555 0.110699 0.108443 0.119502 0.123469 0.123031 0.101474 0.121074 0.127213 0.116054 0.112999 0.124124 0.123546 0.117385 0.112178 0.124699 0.108237 0.108817 0.126681 0.124396 0.123423 0.124673 0.117020 0.117058 0.122765 0.115558 0.113025 0.111114 0.106589 0.115848 0.121179 0.118765 0.118588 0.105910 0.121584 0.105881 0.117215 0.129362
0.115309 0.101177 0.107284 0.104299 0.123469 0.115065 0.114905 0.101076 0.123954 0.120273 0.117899 0.115292 0.120770 0.116573 0.113851 0.109496 0.118758 0.105753 0.100659 0.122197 0.123228 0.121977 0.120622 0.113545 0.110253 0.119381 0.109308 0.105120 0.104228 0.102070 0.110771 0.121271 0.111823 0.112909 0.108674 0.121769 0.108486 0.110312 0.122423
0.114870 0.100748 0.106854 0.103839 0.123031 0.114905 0.114117 0.100636 0.123516 0.119922 0.117461 0.114854 0.120341 0.116221 0.113426 0.109056 0.118383 0.105317 0.100308 0.121743 0.122790 0.121532 0.120208 0.113118 0.109899 0.118951 0.108904 0.104762 0.103876 0.101615 0.110328 0.120834 0.111472 0.112415 0.108236 0.121330 0.108048 0.109960 0.122072
0.093320 0.082270 0.088410 0.085926 0.101474 0.101076 0.100636 0.077814 0.101945 0.104840 0.095993 0.093316 0.101842 0.101171 0.095098 0.089709 0.102352 0.085936 0.086422 0.104155 0.101990 0.100445 0.102374 0.094734 0.094691 0.100479 0.093198 0.090637 0.088745 0.084065 0.093344 0.099945 0.096392 0.096130 0.086660 0.099281 0.086462 0.094845 0.106990
0.113097 0.105042 0.111186 0.108925 0.121074 0.123954 0.123516 0.101945 0.120454 0.127698 0.116603 0.113546 0.124611 0.124032 0.117872 0.112662 0.125184 0.108723 0.109302 0.127163 0.124878 0.123897 0.125160 0.117508 0.117543 0.123252 0.116044 0.113510 0.111599 0.107071 0.116331 0.121691 0.119250 0.119072 0.105810 0.122040 0.106061 0.117700 0.129848
0.119052 0.104784 0.110920 0.108338 0.127213 0.120273 0.119922 0.104840 0.127698 0.104200 0.121640 0.119035 0.124374 0.113665 0.117359 0.113271 0.121312 0.109453 0.105645 0.126210 0.126968 0.125807 0.123826 0.117106 0.111822 0.123000 0.113334 0.109771 0.104460 0.106131 0.114964 0.124995 0.108023 0.117288 0.112419 0.125528 0.112231 0.110572 0.106350
0.107858 0.098972 0.105117 0.102887 0.116054 0.117899 0.117461 0.095993 0.116603 0.121640 0.107743 0.107719 0.118541 0.117974 0.111803 0.106618 0.119123 0.102660 0.103247 0.121127 0.118844 0.117924 0.119092 0.111438 0.111485 0.117182 0.109985 0.107455 0.105541 0.101034 0.110291 0.115443 0.113192 0.113026 0.101356 0.116167 0.101216 0.111642 0.123790
0.104812 0.096375 0.102518 0.100269 0.112999 0.115292 0.114854 0.093316 0.113546 0.119035 0.107719 0.103993 0.115944 0.115368 0.109205 0.104003 0.116520 0.100058 0.100640 0.118508 0.116221 0.115263 0.116493 0.108840 0.108880 0.114584 0.107380 0.104848 0.102936 0.098415 0.107674 0.112969 0.110587 0.110413 0.098302 0.113447 0.098169 0.109037 0.121185
0.115963 0.101222 0.107495 0.106381 0.124124 0.120770 0.120341 0.101842 0.124611 0.124374 0.118541 0.115944 0.120562 0.120726 0.113979 0.110301 0.121698 0.106188 0.106128 0.124638 0.123863 0.123072 0.121355 0.113636 0.114185 0.119500 0.112704 0.110304 0.108256 0.104537 0.113691 0.121825 0.115927 0.116231 0.109333 0.122503 0.109146 0.114360 0.126524
0.115386 0.101136 0.107270 0.104632 0.123546 0.116573 0.116221 0.101171 0.124032 0.113665 0.117974 0.115368 0.120726 0.096686 0.113720 0.109602 0.117755 0.105793 0.101937 0.122437 0.123302 0.122127 0.120212 0.113461 0.108347 0.119351 0.109678 0.106087 0.101155 0.102379 0.111216 0.121331 0.105055 0.113585 0.108752 0.121859 0.108564 0.107214 0.115815
0.109224 0.094474 0.100758 0.099584 0.117385 0.113851 0.113426 0.095098 0.117872 0.117359 0.111803 0.109205 0.113979 0.113720 0.105218 0.103555 0.114705 0.099457 0.099210 0.117826 0.117124 0.116313 0.113388 0.106726 0.107147 0.112760 0.105834 0.103382 0.101231 0.097725 0.106864 0.115090 0.108912 0.109389 0.102593 0.115761 0.102407 0.107336 0.119509
0.104018 0.090724 0.096850 0.094338 0.112178 0.109496 0.109056 0.089709 0.112662 0.113271 0.106618 0.104003 0.110301 0.109602 0.103555 0.092094 0.110788 0.094475 0.094844 0.112646 0.111722 0.110798 0.110827 0.103190 0.103123 0.108927 0.101620 0.099058 0.097176 0.092552 0.101816 0.110079 0.104823 0.104541 0.097381 0.110429 0.097192 0.103276 0.115421
0.116538 0.102102 0.108282 0.106161 0.124699 0.118758 0.118383 0.102352 0.125184 0.121312 0.119123 0.116520 0.121698 0.117755 0.114705 0.110788 0.109851 0.106882 0.104134 0.124203 0.124447 0.123398 0.121517 0.114255 0.110967 0.120336 0.111322 0.108231 0.105100 0.104098 0.113022 0.122456 0.112868 0.115356 0.109905 0.123032 0.109718 0.111213 0.123462
0.100076 0.086616 0.092756 0.091000 0.108237 0.105753 0.105317 0.085936 0.108723 0.109453 0.102660 0.100058 0.106188 0.105793 0.099457 0.094475 0.106882 0.087962 0.091105 0.109276 0.107668 0.107290 0.106774 0.099089 0.099286 0.104824 0.097769 0.095300 0.093347 0.089179 0.098386 0.106016 0.101005 0.101011 0.093444 0.106599 0.093257 0.099448 0.111602
0.100657 0.086534 0.092642 0.089627 0.108817 0.100659 0.100308 0.086422 0.109302 0.105645 0.103247 0.100640 0.106128 0.101937 0.099210 0.094844 0.104134 0.091105 0.084920 0.107496 0.108577 0.107317 0.105985 0.098903 0.095633 0.104738 0.094702 0.090549 0.089606 0.087365 0.095965 0.106620 0.097194 0.098238 0.094022 0.107116 0.093834 0.095689 0.107794
0.118522 0.105053 0.111163 0.106143 0.126681 0.122197 0.121743 0.104155 0.127163 0.126210 0.121127 0.118508 0.124638 0.122437 0.117826 0.112646 0.124203 0.109276 0.107496 0.115289 0.126486 0.124606 0.124907 0.117483 0.116214 0.123254 0.114892 0.111834 0.110213 0.100911 0.110978 0.124601 0.117758 0.116512 0.111883 0.124886 0.111693 0.116307 0.128360
0.116237 0.104292 0.110432 0.108234 0.124396 0.123228 0.122790 0.101990 0.124878 0.126968 0.118844 0.116221 0.123863 0.123302 0.117124 0.111722 0.124447 0.107668 0.108577 0.126486 0.120372 0.123681 0.124416 0.116759 0.116812 0.122500 0.115308 0.112784 0.110868 0.106393 0.115644 0.122459 0.118520 0.118363 0.109598 0.122660 0.109408 0.116969 0.129117
0.115268 0.103496 0.109626 0.106451 0.123423 0.121977 0.121532 0.100445 0.123897 0.125807 0.117924 0.115263 0.123072 0.122127 0.116313 0.110798 0.123398 0.107290 0.107317 0.124606 0.123681 0.101858 0.123550 0.115954 0.115677 0.121702 0.114202 0.111552 0.109723 0.104524 0.113875 0.121738 0.117359 0.116834 0.108612 0.121285 0.108415 0.115822 0.127957
0.116512 0.101840 0.108102 0.106712 0.124673 0.120622 0.120208 0.102374 0.125160 0.123826 0.119092 0.116493 0.121355 0.120212 0.113388 0.110827 0.121517 0.106774 0.105985 0.124907 0.124416 0.123550 0.110355 0.114105 0.113555 0.120115 0.112762 0.110144 0.107664 0.104806 0.113896 0.122390 0.115380 0.116373 0.109881 0.123039 0.109694 0.113780 0.125976
0.108859 0.094058 0.100365 0.099236 0.117020 0.113545 0.113118 0.094734 0.117508 0.117106 0.111438 0.108840 0.113636 0.113461 0.106726 0.103190 0.114255 0.099089 0.098903 0.117483 0.116759 0.115954 0.114105 0.105152 0.106908 0.112357 0.105495 0.103075 0.100984 0.097382 0.106525 0.114725 0.108658 0.109057 0.102229 0.115397 0.102042 0.107087 0.119255
0.108897 0.094596 0.100737 0.098256 0.117058 0.110253 0.109899 0.094691 0.117543 0.111822 0.111485 0.108880 0.114185 0.108347 0.107147 0.103123 0.110967 0.099286 0.095633 0.116214 0.116812 0.115677 0.113555 0.106908 0.100526 0.112814 0.103215 0.099728 0.095503 0.096110 0.104948 0.114835 0.103383 0.107227 0.102264 0.115377 0.102076 0.101648 0.113972
0.114603 0.099829 0.105965 0.104996 0.122765 0.119381 0.118951 0.100479 0.123252 0.123000 0.117182 0.114584 0.119500 0.119351 0.112760 0.108927 0.120336 0.104824 0.104738 0.123254 0.122500 0.121702 0.120115 0.112357 0.112814 0.117783 0.111281 0.108913 0.106884 0.103153 0.112305 0.120470 0.114552 0.114843 0.107973 0.121141 0.107786 0.112986 0.125150
0.107398 0.093097 0.099141 0.096839 0.115558 0.109308 0.108904 0.093198 0.116044 0.113334 0.109985 0.107380 0.112704 0.109678 0.105834 0.101620 0.111322 0.097769 0.094702 0.114892 0.115308 0.114202 0.112762 0.105495 0.103215 0.111281 0.093541 0.098651 0.097237 0.094776 0.103675 0.113330 0.104886 0.105896 0.100765 0.113882 0.100577 0.103330 0.115484
0.104865 0.090709 0.096815 0.093914 0.113025 0.105120 0.104762 0.090637 0.113510 0.109771 0.107455 0.104848 0.110304 0.106087 0.103382 0.099058 0.108231 0.095300 0.090549 0.111834 0.112784 0.111552 0.110144 0.103075 0.099728 0.108913 0.098651 0.093824 0.093711 0.091711 0.100443 0.110823 0.101321 0.102587 0.098231 0.111329 0.098043 0.099795 0.111920
0.102953 0.088667 0.094805 0.092280 0.111114 0.104228 0.103876 0.088745 0.111599 0.104460 0.105541 0.102936 0.108256 0.101155 0.101231 0.097176 0.105100 0.093347 0.089606 0.110213 0.110868 0.109723 0.107664 0.100984 0.095503 0.106884 0.097237 0.093711 0.086958 0.090115 0.098948 0.108893 0.096047 0.101235 0.096320 0.109431 0.096132 0.094629 0.106610
0.098430 0.084952 0.091062 0.086038 0.106589 0.102070 0.101615 0.084065 0.107071 0.106131 0.101034 0.098415 0.104537 0.102379 0.097725 0.092552 0.104098 0.089179 0.087365 0.100911 0.106393 0.104524 0.104806 0.097382 0.096110 0.103153 0.094776 0.091711 0.090115 0.079301 0.090230 0.104507 0.097679 0.096361 0.091790 0.104796 0.091601 0.096209 0.108281
0.107688 0.094104 0.100214 0.095491 0.115848 0.110771 0.110328 0.093344 0.116331 0.114964 0.110291 0.107674 0.113691 0.111216 0.106864 0.101816 0.113022 0.098386 0.095965 0.110978 0.115644 0.113875 0.113896 0.106525 0.104948 0.112305 0.103675 0.100443 0.098948 0.090230 0.084687 0.113747 0.106513 0.105492 0.101050 0.114069 0.100860 0.105040 0.117114
0.113004 0.102258 0.108406 0.106354 0.121179 0.121271 0.120834 0.099945 0.121691 0.124995 0.115443 0.112969 0.121825 0.121331 0.115090 0.110079 0.122456 0.106016 0.106620 0.124601 0.122459 0.121738 0.122390 0.114725 0.114835 0.120470 0.113330 0.110823 0.108893 0.104507 0.113747 0.114422 0.116547 0.116448 0.106425 0.120314 0.106257 0.114994 0.127144
0.110604 0.096337 0.102472 0.099888 0.118765 0.111823 0.111472 0.096392 0.119250 0.108023 0.113192 0.110587 0.115927 0.105055 0.108912 0.104823 0.112868 0.101005 0.097194 0.117758 0.118520 0.117359 0.115380 0.108658 0.103383 0.114552 0.104886 0.101321 0.096047 0.097679 0.106513 0.116547 0.097933 0.108838 0.103970 0.117080 0.103783 0.102130 0.110172
0.110429 0.096642 0.102747 0.098451 0.118588 0.112909 0.112415 0.096130 0.119072 0.117288 0.113026 0.110413 0.116231 0.113585 0.109389 0.104541 0.115356 0.101011 0.098238 0.116512 0.118363 0.116834 0.116373 0.109057 0.107227 0.114843 0.105896 0.102587 0.101235 0.096361 0.105492 0.116448 0.108838 0.103735 0.103792 0.116843 0.103603 0.107326 0.119438
0.097898 0.089763 0.095907 0.093644 0.105910 0.108674 0.108236 0.086660 0.105810 0.112419 0.101356 0.098302 0.109333 0.108752 0.102593 0.097381 0.109905 0.093444 0.094022 0.111883 0.109598 0.108612 0.109881 0.102229 0.102264 0.107973 0.100765 0.098231 0.096320 0.091790 0.101050 0.106425 0.103970 0.103792 0.089381 0.106745 0.090595 0.102421 0.114568
0.113437 0.102932 0.109073 0.106656 0.121584 0.121769 0.121330 0.099281 0.122040 0.125528 0.116167 0.113447 0.122503 0.121859 0.115761 0.110429 0.123032 0.106599 0.107116 0.124886 0.122660 0.121285 0.123039 0.115397 0.115377 0.121141 0.113882 0.111329 0.109431 0.104796 0.114069 0.120314 0.117080 0.116843 0.106745 0.114625 0.106537 0.115532 0.127677
0.097831 0.089577 0.095720 0.093455 0.105881 0.108486 0.108048 0.086462 0.106061 0.112231 0.101216 0.098169 0.109146 0.108564 0.102407 0.097192 0.109718 0.093257 0.093834 0.111693 0.109408 0.108415 0.109694 0.102042 0.102076 0.107786 0.100577 0.098043 0.096132 0.091601 0.100860 0.106257 0.103783 0.103603 0.090595 0.106537 0.089671 0.102233 0.114380
0.109054 0.094770 0.100907 0.098376 0.117215 0.110312 0.109960 0.094845 0.117700 0.110572 0.111642 0.109037 0.114360 0.107214 0.107336 0.103276 0.111213 0.099448 0.095689 0.116307 0.116969 0.115822 0.113780 0.107087 0.101648 0.112986 0.103330 0.099795 0.094629 0.096209 0.105040 0.114994 0.102130 0.107326 0.102421 0.115532 0.102233 0.096997 0.112722
0.121202 0.106934 0.113069 0.110487 0.129362 0.122423 0.122072 0.106990 0.129848 0.106350 0.123790 0.121185 0.126524 0.115815 0.119509 0.115421 0.123462 0.111602 0.107794 0.128360 0.129117 0.127957 0.125976 0.119255 0.113972 0.125150 0.115484 0.111920 0.106610 0.108281 0.117114 0.127144 0.110172 0.119438 0.114568 0.127677 0.114380 0.112722 0.092926
