      AMA340 0.0016 0.0009 0.9697 0.0279 
      AMA601 0.0007 0.0017 0.9305 0.0671 
      AMA656 0.0012 0.0024 0.9285 0.0679 
    AMANA034 0.0038 0.0073 0.6178 0.3711 
    AMANA137 0.0022 0.0298 0.5654 0.4025 
      AMZ551 0.0925 0.0266 0.4685 0.4124 
      AMZ610 0.0576 0.0034 0.5420 0.3970 
       B4615 0.0010 0.0013 0.9881 0.0096 
       B5082 0.0012 0.0022 0.9801 0.0165 
       BR033 0.0294 0.0488 0.2623 0.6596 
       BR036 0.0023 0.0513 0.2898 0.6566 
     BR36440 0.0060 0.0071 0.9501 0.0369 
      CAM117 0.0019 0.0013 0.9751 0.0217 
      CPE012 0.9235 0.0703 0.0032 0.0031 
      CPE025 0.9290 0.0552 0.0032 0.0126 
      CPE049 0.9127 0.0614 0.0070 0.0189 
      CPE069 0.9609 0.0276 0.0044 0.0070 
    CPEII008 0.9475 0.0457 0.0024 0.0044 
      CUJ027 0.0010 0.0057 0.9064 0.0869 
      CUJ072 0.0008 0.0025 0.9072 0.0895 
      FPR006 0.0007 0.0010 0.6403 0.3581 
      FPR015 0.0038 0.0346 0.5872 0.3744 
      FPR021 0.0009 0.0033 0.5399 0.4559 
    GAPTO259 0.2357 0.7422 0.0066 0.0155 
    GAPTO268 0.2159 0.7571 0.0053 0.0217 
    GAPTO277 0.2317 0.5860 0.0322 0.1501 
    GAPTO327 0.2437 0.7313 0.0092 0.0157 
      MAM010 0.0015 0.0359 0.6251 0.3374 
      MAR092 0.0057 0.0046 0.6404 0.3493 
       MF005 0.0888 0.1354 0.2558 0.5200 
     MPDS628 0.0068 0.0228 0.6267 0.3438 
      MSF107 0.1530 0.0805 0.2016 0.5648 
       MT087 0.0007 0.0012 0.4997 0.4983 
       MT123 0.0004 0.0007 0.4222 0.5766 
       OM022 0.0011 0.0012 0.8207 0.1770 
       OM112 0.0007 0.0014 0.8783 0.1196 
       OM172 0.0013 0.0021 0.8566 0.1400 
       OP100 0.0012 0.0038 0.5995 0.3955 
     PIME024 0.0086 0.0026 0.5367 0.4522 
     PIME062 0.0006 0.0019 0.5671 0.4304 
     PIME079 0.0104 0.0015 0.6579 0.3301 
     PIME134 0.1249 0.1829 0.2712 0.4210 
     PIME135 0.1077 0.1597 0.2421 0.4905 
     PIME169 0.0013 0.0077 0.5687 0.4223 
     PIME460 0.0015 0.0023 0.6474 0.3488 
     PIME482 0.0632 0.0916 0.2942 0.5511 
     PIME521 0.0229 0.1537 0.3065 0.5170 
     PIME522 0.0860 0.0602 0.3319 0.5220 
    PPBIO221 0.1953 0.1968 0.1900 0.4179 
    PPBIO305 0.2285 0.1545 0.1816 0.4353 
      PPS041 0.0022 0.0044 0.5245 0.4689 
      PPS174 0.0135 0.0027 0.2434 0.7404 
      PPS221 0.0010 0.0022 0.5026 0.4942 
      PPS352 0.0076 0.0095 0.5286 0.4543 
      PUC008 0.0009 0.0014 0.8727 0.1250 
      RDO007 0.3178 0.2887 0.0898 0.3037 
      TLP025 0.0034 0.0065 0.3755 0.6146 
      TLP123 0.0009 0.0015 0.3091 0.6886 
    UFAC1007 0.0029 0.0026 0.9499 0.0446 
     UFAC305 0.0006 0.0007 0.9092 0.0895 
     UFAC476 0.0008 0.0016 0.9592 0.0383 
      UHE442 0.1811 0.2024 0.2643 0.3521 
      UNA002 0.9874 0.0079 0.0024 0.0023 
      UNA018 0.9939 0.0019 0.0018 0.0024 
      UNA088 0.9272 0.0271 0.0118 0.0339 
      UNA110 0.9892 0.0062 0.0021 0.0025 
      UNA124 0.9874 0.0027 0.0043 0.0056 
       WM281 0.1392 0.0657 0.3683 0.4268 
       WM293 0.1043 0.1607 0.2542 0.4809 
