      AMA340 0.0014 0.0008 0.0182 0.9795 
      AMA601 0.0007 0.0018 0.0505 0.9470 
      AMA656 0.0014 0.0021 0.0498 0.9467 
    AMANA034 0.0037 0.0074 0.3461 0.6429 
    AMANA137 0.0024 0.0302 0.3769 0.5906 
      AMZ551 0.0956 0.0243 0.3934 0.4867 
      AMZ610 0.0582 0.0030 0.3739 0.5649 
       B4615 0.0010 0.0012 0.0064 0.9914 
       B5082 0.0013 0.0020 0.0101 0.9866 
       BR033 0.0322 0.0432 0.6416 0.2830 
       BR036 0.0028 0.0487 0.6359 0.3127 
     BR36440 0.0060 0.0067 0.0288 0.9585 
      CAM117 0.0020 0.0012 0.0137 0.9831 
      CPE012 0.9362 0.0576 0.0031 0.0031 
      CPE025 0.9406 0.0429 0.0131 0.0034 
      CPE049 0.9256 0.0465 0.0203 0.0076 
      CPE069 0.9675 0.0214 0.0066 0.0045 
    CPEII008 0.9586 0.0345 0.0043 0.0026 
      CUJ027 0.0011 0.0054 0.0696 0.9240 
      CUJ072 0.0008 0.0025 0.0750 0.9217 
      FPR006 0.0007 0.0009 0.3309 0.6674 
      FPR015 0.0040 0.0327 0.3500 0.6133 
      FPR021 0.0010 0.0028 0.4303 0.5659 
    GAPTO259 0.2483 0.7264 0.0180 0.0073 
    GAPTO268 0.2282 0.7373 0.0287 0.0058 
    GAPTO277 0.2426 0.5671 0.1555 0.0348 
    GAPTO327 0.2557 0.7147 0.0195 0.0101 
      MAM010 0.0016 0.0357 0.3120 0.6507 
      MAR092 0.0062 0.0041 0.3254 0.6644 
       MF005 0.0931 0.1284 0.5020 0.2766 
     MPDS628 0.0071 0.0206 0.3226 0.6498 
      MSF107 0.1584 0.0714 0.5422 0.2280 
       MT087 0.0007 0.0012 0.4744 0.5236 
       MT123 0.0004 0.0007 0.5518 0.4471 
       OM022 0.0012 0.0011 0.1585 0.8392 
       OM112 0.0007 0.0014 0.1005 0.8974 
       OM172 0.0012 0.0020 0.1200 0.8768 
       OP100 0.0013 0.0037 0.3715 0.6236 
     PIME024 0.0093 0.0025 0.4268 0.5615 
     PIME062 0.0007 0.0019 0.4032 0.5942 
     PIME079 0.0109 0.0014 0.3055 0.6822 
     PIME134 0.1301 0.1741 0.4088 0.2871 
     PIME135 0.1129 0.1515 0.4767 0.2589 
     PIME169 0.0013 0.0084 0.3963 0.5941 
     PIME460 0.0017 0.0021 0.3223 0.6740 
     PIME482 0.0670 0.0868 0.5304 0.3158 
     PIME521 0.0258 0.1466 0.5043 0.3233 
     PIME522 0.0891 0.0547 0.5034 0.3527 
    PPBIO221 0.2011 0.1869 0.4042 0.2078 
    PPBIO305 0.2326 0.1469 0.4248 0.1957 
      PPS041 0.0023 0.0044 0.4439 0.5495 
      PPS174 0.0141 0.0024 0.7186 0.2649 
      PPS221 0.0010 0.0024 0.4709 0.5256 
      PPS352 0.0078 0.0078 0.4328 0.5516 
      PUC008 0.0010 0.0014 0.1079 0.8898 
      RDO007 0.3253 0.2764 0.2966 0.1017 
      TLP025 0.0036 0.0060 0.5918 0.3985 
      TLP123 0.0009 0.0015 0.6616 0.3360 
    UFAC1007 0.0030 0.0023 0.0340 0.9607 
     UFAC305 0.0006 0.0006 0.0693 0.9294 
     UFAC476 0.0008 0.0015 0.0252 0.9725 
      UHE442 0.1866 0.1944 0.3397 0.2794 
      UNA002 0.9883 0.0071 0.0022 0.0024 
      UNA018 0.9943 0.0016 0.0024 0.0018 
      UNA088 0.9322 0.0224 0.0320 0.0134 
      UNA110 0.9903 0.0054 0.0023 0.0021 
      UNA124 0.9882 0.0024 0.0050 0.0044 
       WM281 0.1418 0.0616 0.4083 0.3882 
       WM293 0.1086 0.1524 0.4652 0.2738 
