0.103454 0.098330 0.103990 0.099115 0.112561 0.112681 0.108430 0.096764 0.112495 0.118159 0.113141 0.102131 0.116981 0.114252 0.107280 0.101993 0.113437 0.098498 0.099138 0.117985 0.116528 0.114166 0.118405 0.107228 0.109192 0.103959 0.109204 0.107900 0.103430 0.097594 0.108242 0.113576 0.111483 0.107691 0.095418 0.114732 0.095403 0.113515 0.119166
0.098330 0.086028 0.091809 0.088699 0.107391 0.101278 0.097061 0.087668 0.107267 0.106627 0.106124 0.096280 0.104788 0.102751 0.095076 0.091688 0.101455 0.087037 0.087793 0.107422 0.107008 0.104953 0.106419 0.094995 0.097600 0.091740 0.097463 0.096447 0.091865 0.087045 0.097357 0.104028 0.099954 0.097063 0.090176 0.106393 0.090144 0.101949 0.107634
0.103990 0.091809 0.097272 0.094338 0.113051 0.106900 0.102683 0.093326 0.112927 0.112270 0.111785 0.101940 0.110509 0.108393 0.100806 0.097339 0.107153 0.092696 0.093416 0.113060 0.112668 0.110609 0.112119 0.100735 0.103246 0.097372 0.103029 0.102067 0.097508 0.092682 0.102988 0.109693 0.105596 0.102697 0.095836 0.112052 0.095804 0.107592 0.113276
0.099115 0.088699 0.094338 0.086370 0.108175 0.101852 0.097547 0.088166 0.108050 0.107522 0.107011 0.097089 0.107360 0.103569 0.097646 0.092192 0.103440 0.089030 0.088221 0.105969 0.107926 0.105286 0.108445 0.097591 0.098640 0.094319 0.098893 0.097144 0.092840 0.085558 0.096657 0.105259 0.100840 0.095599 0.090959 0.107041 0.090926 0.102925 0.108529
0.112561 0.107391 0.113051 0.108175 0.121348 0.121742 0.117490 0.105824 0.121544 0.127220 0.122207 0.111197 0.126042 0.123312 0.116340 0.111053 0.122497 0.107558 0.108198 0.127045 0.125589 0.123226 0.127465 0.116288 0.118252 0.113019 0.118264 0.116960 0.112490 0.106654 0.117302 0.122637 0.120543 0.116751 0.104468 0.123790 0.104455 0.122575 0.128226
0.112681 0.101278 0.106900 0.101852 0.121742 0.110096 0.106227 0.101891 0.121617 0.117342 0.120521 0.110642 0.119949 0.113473 0.110201 0.105912 0.114894 0.101919 0.097159 0.119981 0.121418 0.119101 0.120024 0.110145 0.108445 0.106895 0.109670 0.105999 0.102580 0.099636 0.108636 0.118578 0.110668 0.109634 0.104527 0.120683 0.104494 0.112655 0.118349
0.108430 0.097061 0.102683 0.097547 0.117490 0.106227 0.100090 0.097635 0.117366 0.113309 0.116271 0.106391 0.115733 0.109435 0.105986 0.101655 0.110751 0.097690 0.093150 0.115705 0.117169 0.114841 0.115874 0.105931 0.104412 0.102678 0.105529 0.102016 0.098551 0.095357 0.104419 0.114335 0.106635 0.105267 0.100275 0.116429 0.100242 0.108627 0.114316
0.096764 0.087668 0.093326 0.088166 0.105824 0.101891 0.097635 0.085042 0.105698 0.107389 0.104764 0.094765 0.106320 0.103476 0.096618 0.091065 0.102736 0.087830 0.088338 0.107058 0.105834 0.102850 0.107708 0.096565 0.098431 0.093295 0.098469 0.097118 0.092665 0.086665 0.097367 0.103319 0.100712 0.096776 0.088607 0.104507 0.088573 0.102750 0.108396
0.112495 0.107267 0.112927 0.108050 0.121544 0.121617 0.117366 0.105698 0.121348 0.127095 0.122101 0.111095 0.125918 0.123187 0.116216 0.110928 0.122373 0.107434 0.108074 0.126920 0.125464 0.123100 0.127341 0.116164 0.118127 0.112895 0.118140 0.116836 0.112366 0.106529 0.117177 0.122516 0.120418 0.116626 0.104295 0.123661 0.104302 0.122450 0.128102
0.118159 0.106627 0.112270 0.107522 0.127220 0.117342 0.113309 0.107389 0.127095 0.105014 0.125992 0.116118 0.125295 0.112460 0.115518 0.111412 0.119520 0.107316 0.103954 0.125519 0.126887 0.124610 0.124385 0.115472 0.111158 0.112254 0.115586 0.112564 0.104385 0.105242 0.114749 0.124025 0.109176 0.115484 0.110005 0.126171 0.109972 0.114678 0.106021
0.113141 0.106124 0.111785 0.107011 0.122207 0.120521 0.116271 0.104764 0.122101 0.125992 0.116617 0.110573 0.124774 0.122086 0.115073 0.109883 0.121244 0.106299 0.106981 0.125873 0.124389 0.122157 0.126211 0.115022 0.117020 0.111753 0.117024 0.115736 0.111260 0.105483 0.116111 0.121120 0.119315 0.115574 0.105016 0.122979 0.104991 0.121345 0.126998
0.102131 0.096280 0.101940 0.097089 0.111197 0.110642 0.106391 0.094765 0.111095 0.116118 0.110573 0.096983 0.114930 0.112211 0.105229 0.099965 0.111390 0.096449 0.097099 0.115958 0.114491 0.112165 0.116357 0.105177 0.107149 0.101908 0.107160 0.105860 0.101388 0.095567 0.106210 0.111472 0.109441 0.105662 0.094013 0.112811 0.093991 0.111473 0.117125
0.116981 0.104788 0.110509 0.107360 0.126042 0.119949 0.115733 0.106320 0.125918 0.125295 0.124774 0.114930 0.123341 0.121418 0.113699 0.110343 0.120127 0.105691 0.106464 0.126085 0.125659 0.123606 0.125058 0.113662 0.116267 0.110451 0.116147 0.115120 0.110532 0.105707 0.116023 0.122676 0.118621 0.115727 0.108827 0.125045 0.108795 0.120616 0.126301
0.114252 0.102751 0.108393 0.103569 0.123312 0.113473 0.109435 0.103476 0.123187 0.112460 0.122086 0.112211 0.121418 0.096192 0.111644 0.107499 0.115712 0.103430 0.100070 0.121454 0.122982 0.120694 0.120594 0.111598 0.107499 0.108377 0.111720 0.108707 0.100867 0.101207 0.110783 0.120125 0.105430 0.111540 0.106097 0.122260 0.106064 0.111103 0.113466
0.107280 0.095076 0.100806 0.097646 0.116340 0.110201 0.105986 0.096618 0.116216 0.115518 0.115073 0.105229 0.113699 0.111644 0.103392 0.100640 0.110354 0.095994 0.096716 0.116364 0.115958 0.113902 0.115135 0.103904 0.106482 0.100746 0.106419 0.105371 0.100752 0.095987 0.106292 0.112977 0.108845 0.106007 0.099125 0.115342 0.099093 0.110837 0.116524
0.101993 0.091688 0.097339 0.092192 0.111053 0.105912 0.101655 0.091065 0.110928 0.111412 0.109883 0.099965 0.110343 0.107499 0.100640 0.083538 0.106757 0.091727 0.092360 0.111108 0.110657 0.108282 0.111730 0.100587 0.102452 0.097312 0.102484 0.101138 0.096687 0.090715 0.101402 0.108126 0.104734 0.100799 0.093837 0.109927 0.093804 0.106771 0.112418
0.113437 0.101455 0.107153 0.103440 0.122497 0.114894 0.110751 0.102736 0.122373 0.119520 0.121244 0.111390 0.120127 0.115712 0.110354 0.106757 0.103392 0.102308 0.101462 0.121947 0.122133 0.119997 0.120637 0.110180 0.110374 0.107110 0.111807 0.110044 0.104690 0.101591 0.111550 0.119195 0.112854 0.111641 0.105283 0.121481 0.105250 0.114770 0.120527
0.098498 0.087037 0.092696 0.089030 0.107558 0.101919 0.097690 0.087830 0.107434 0.107316 0.106299 0.096449 0.105691 0.103430 0.095994 0.091727 0.102308 0.083706 0.088416 0.107805 0.107051 0.105124 0.107262 0.095940 0.098309 0.092663 0.098206 0.097104 0.092564 0.087423 0.097837 0.104243 0.100642 0.097456 0.090344 0.106554 0.090311 0.102649 0.108323
0.099138 0.087793 0.093416 0.088221 0.108198 0.097159 0.093150 0.088338 0.108074 0.103954 0.106981 0.097099 0.106464 0.100070 0.096716 0.092360 0.101462 0.088416 0.080288 0.106248 0.107879 0.105543 0.106579 0.096661 0.095071 0.093410 0.096311 0.092784 0.089204 0.085898 0.094290 0.105049 0.097278 0.095993 0.090983 0.107135 0.090950 0.099281 0.104960
0.117985 0.107422 0.113060 0.105969 0.127045 0.119981 0.115705 0.107058 0.126920 0.125519 0.125873 0.115958 0.126085 0.121454 0.116364 0.111108 0.121947 0.107805 0.106248 0.114344 0.126787 0.124182 0.126961 0.116310 0.116793 0.113043 0.117344 0.115313 0.110950 0.100823 0.113549 0.124094 0.118825 0.114462 0.109829 0.125922 0.109797 0.121040 0.126525
0.116528 0.107008 0.112668 0.107926 0.125589 0.121418 0.117169 0.105834 0.125464 0.126887 0.124389 0.114491 0.125659 0.122982 0.115958 0.110657 0.122133 0.107051 0.107879 0.126787 0.121618 0.123196 0.127099 0.115906 0.117915 0.112636 0.117915 0.116633 0.112155 0.106397 0.117018 0.122666 0.120210 0.116485 0.108373 0.124532 0.108341 0.122240 0.127894
0.114166 0.104953 0.110609 0.105286 0.123226 0.119101 0.114841 0.102850 0.123100 0.124610 0.122157 0.112165 0.123606 0.120694 0.113902 0.108282 0.119997 0.105124 0.105543 0.124182 0.123196 0.117673 0.124972 0.113850 0.115658 0.110579 0.115711 0.114332 0.109889 0.103787 0.114525 0.120682 0.117932 0.113916 0.106009 0.121959 0.105975 0.119974 0.125617
0.118405 0.106419 0.112119 0.108445 0.127465 0.120024 0.115874 0.107708 0.127341 0.124385 0.126211 0.116357 0.125058 0.120594 0.115135 0.111730 0.120637 0.107262 0.106579 0.126961 0.127099 0.124972 0.103392 0.115247 0.115111 0.112074 0.116934 0.115205 0.109517 0.106606 0.116608 0.124157 0.117723 0.116665 0.110250 0.126451 0.110218 0.119621 0.125392
0.107228 0.094995 0.100735 0.097591 0.116288 0.110145 0.105931 0.096565 0.116164 0.115472 0.115022 0.105177 0.113662 0.111598 0.103904 0.100587 0.110180 0.095940 0.096661 0.116310 0.115906 0.113850 0.115247 0.103392 0.106440 0.100671 0.106355 0.105315 0.100708 0.095933 0.106237 0.112926 0.108799 0.105952 0.099074 0.115291 0.099041 0.110792 0.116479
0.109192 0.097600 0.103246 0.098640 0.118252 0.108445 0.104412 0.098431 0.118127 0.111158 0.117020 0.107149 0.116267 0.107499 0.106482 0.102452 0.110374 0.098309 0.095071 0.116793 0.117915 0.115658 0.115111 0.106440 0.100669 0.103229 0.106614 0.103645 0.096172 0.096477 0.105925 0.115043 0.104509 0.106602 0.101037 0.117207 0.101004 0.106248 0.112165
0.103959 0.091740 0.097372 0.094319 0.113019 0.106895 0.102678 0.093295 0.112895 0.112254 0.111753 0.101908 0.110451 0.108377 0.100746 0.097312 0.107110 0.092663 0.093410 0.113043 0.112636 0.110579 0.112074 0.100671 0.103229 0.097272 0.103059 0.102064 0.097492 0.092665 0.102976 0.109658 0.105580 0.102682 0.095805 0.112021 0.095772 0.107576 0.113260
0.109204 0.097463 0.103029 0.098893 0.118264 0.109670 0.105529 0.098469 0.118140 0.115586 0.117024 0.107160 0.116147 0.111720 0.106419 0.102484 0.111807 0.098206 0.096311 0.117344 0.117915 0.115711 0.116934 0.106355 0.106614 0.103059 0.100090 0.104648 0.100817 0.096983 0.106708 0.115015 0.108913 0.106944 0.101049 0.117232 0.101017 0.110896 0.116592
0.107900 0.096447 0.102067 0.097144 0.116960 0.105999 0.102016 0.097118 0.116836 0.112564 0.115736 0.105860 0.115120 0.108707 0.105371 0.101138 0.110044 0.097104 0.092784 0.115313 0.116633 0.114332 0.115205 0.105315 0.103645 0.102064 0.104648 0.100090 0.097790 0.094968 0.104089 0.113784 0.105892 0.104970 0.099745 0.115906 0.099712 0.107866 0.113571
0.103430 0.091865 0.097508 0.092840 0.112490 0.102580 0.098551 0.092665 0.112366 0.104385 0.111260 0.101388 0.110532 0.100867 0.100752 0.096687 0.104690 0.092564 0.089204 0.110950 0.112155 0.109889 0.109517 0.100708 0.096172 0.097492 0.100817 0.097790 0.088689 0.090643 0.100080 0.109287 0.097797 0.100792 0.095275 0.111444 0.095243 0.099546 0.105392
0.097594 0.087045 0.092682 0.085558 0.106654 0.099636 0.095357 0.086665 0.106529 0.105242 0.105483 0.095567 0.105707 0.101207 0.095987 0.090715 0.101591 0.087423 0.085898 0.100823 0.106397 0.103787 0.106606 0.095933 0.096477 0.092665 0.096983 0.094968 0.090643 0.080288 0.093125 0.103706 0.098552 0.094057 0.089438 0.105530 0.089405 0.100731 0.106249
0.108242 0.097357 0.102988 0.096657 0.117302 0.108636 0.104419 0.097367 0.117177 0.114749 0.116111 0.106210 0.116023 0.110783 0.106292 0.101402 0.111550 0.097837 0.094290 0.113549 0.117018 0.114525 0.116608 0.106237 0.105925 0.102976 0.106708 0.104089 0.100080 0.093125 0.080288 0.114269 0.108066 0.104618 0.100086 0.116204 0.100053 0.110164 0.115756
0.113576 0.104028 0.109693 0.105259 0.122637 0.118578 0.114335 0.103319 0.122516 0.124025 0.121120 0.111472 0.122676 0.120125 0.112977 0.108126 0.119195 0.104243 0.105049 0.124094 0.122666 0.120682 0.124157 0.112926 0.115043 0.109658 0.115015 0.113784 0.109287 0.103706 0.114269 0.116617 0.117349 0.113781 0.105426 0.121905 0.105395 0.119372 0.125032
0.111483 0.099954 0.105596 0.100840 0.120543 0.110668 0.106635 0.100712 0.120418 0.109176 0.119315 0.109441 0.118621 0.105430 0.108845 0.104734 0.112854 0.100642 0.097278 0.118825 0.120210 0.117932 0.117723 0.108799 0.104509 0.105580 0.108913 0.105892 0.097797 0.098552 0.108066 0.117349 0.101064 0.108803 0.103328 0.119494 0.103295 0.108054 0.110183
0.107691 0.097063 0.102697 0.095599 0.116751 0.109634 0.105267 0.096776 0.116626 0.115484 0.115574 0.105662 0.115727 0.111540 0.106007 0.100799 0.111641 0.097456 0.095993 0.114462 0.116485 0.113916 0.116665 0.105952 0.106602 0.102682 0.106944 0.104970 0.100792 0.094057 0.104618 0.113781 0.108803 0.100090 0.099535 0.115633 0.099502 0.110876 0.116490
0.095418 0.090176 0.095836 0.090959 0.104468 0.104527 0.100275 0.088607 0.104295 0.110005 0.105016 0.094013 0.108827 0.106097 0.099125 0.093837 0.105283 0.090344 0.090983 0.109829 0.108373 0.106009 0.110250 0.099074 0.101037 0.095805 0.101049 0.099745 0.095275 0.089438 0.100086 0.105426 0.103328 0.099535 0.087136 0.106569 0.087201 0.105360 0.111011
0.114732 0.106393 0.112052 0.107041 0.123790 0.120683 0.116429 0.104507 0.123661 0.126171 0.122979 0.112811 0.125045 0.122260 0.115342 0.109927 0.121481 0.106554 0.107135 0.125922 0.124532 0.121959 0.126451 0.115291 0.117207 0.112021 0.117232 0.115906 0.111444 0.105530 0.116204 0.121905 0.119494 0.115633 0.106569 0.121077 0.106534 0.121528 0.127177
0.095403 0.090144 0.095804 0.090926 0.104455 0.104494 0.100242 0.088573 0.104302 0.109972 0.104991 0.093991 0.108795 0.106064 0.099093 0.093804 0.105250 0.090311 0.090950 0.109797 0.108341 0.105975 0.110218 0.099041 0.101004 0.095772 0.101017 0.099712 0.095243 0.089405 0.100053 0.105395 0.103295 0.099502 0.087201 0.106534 0.087136 0.105327 0.110979
0.113515 0.101949 0.107592 0.102925 0.122575 0.112655 0.108627 0.102750 0.122450 0.114678 0.121345 0.111473 0.120616 0.111103 0.110837 0.106771 0.114770 0.102649 0.099281 0.121040 0.122240 0.119974 0.119621 0.110792 0.106248 0.107576 0.110896 0.107866 0.099546 0.100731 0.110164 0.119372 0.108054 0.110876 0.105360 0.121528 0.105327 0.108831 0.115685
0.119166 0.107634 0.113276 0.108529 0.128226 0.118349 0.114316 0.108396 0.128102 0.106021 0.126998 0.117125 0.126301 0.113466 0.116524 0.112418 0.120527 0.108323 0.104960 0.126525 0.127894 0.125617 0.125392 0.116479 0.112165 0.113260 0.116592 0.113571 0.105392 0.106249 0.115756 0.125032 0.110183 0.116490 0.111011 0.127177 0.110979 0.115685 0.090905
