0.9997 9.998E-05 9.998E-05 9.998E-05
0.978134 9.9982E-05 0.0216657 9.9982E-05
0.826231 0.0544131 0.0931894 0.0261662
0.302509 0.0569208 0.449207 0.191363
0.369243 0.0619422 0.475613 0.093202
0.113336 0.032821 0.81713 0.0367132
0.39331 9.9991E-05 0.489627 0.116963
0.9997 9.998E-05 9.998E-05 9.998E-05
0.868399 0.0194121 0.098815 0.0133738
9.9982E-05 9.9982E-05 0.950725 0.0490751
9.9982E-05 0.0265626 0.973237 9.9982E-05
0.412324 0.120937 0.337897 0.128841
0.9997 9.998E-05 9.998E-05 9.998E-05
0.00273168 0.0243902 9.9991E-05 0.972778
9.9982E-05 0.0393568 9.9982E-05 0.960443
0.00474993 0.0204196 0.073375 0.901456
9.998E-05 9.998E-05 9.998E-05 0.9997
9.998E-05 9.998E-05 9.998E-05 0.9997
0.973191 0.026609 9.9982E-05 9.9982E-05
0.962722 0.0370785 9.9982E-05 9.9982E-05
0.380949 9.9982E-05 0.618851 9.9982E-05
0.319902 0.0425529 0.637445 9.9991E-05
0.230412 9.9982E-05 0.769388 9.9982E-05
9.998E-05 0.9997 9.998E-05 9.998E-05
9.998E-05 0.9997 9.998E-05 9.998E-05
0.140933 0.705312 0.115265 0.0384895
9.998E-05 0.9997 9.998E-05 9.998E-05
0.45298 0.114605 0.432315 9.9991E-05
0.441233 0.000890657 0.525097 0.03278
0.0123667 0.102546 0.795512 0.0895755
0.329661 0.104637 0.51747 0.0482316
0.404361 0.0884398 0.345859 0.16134
0.12655 9.9982E-05 0.87325 9.9982E-05
0.127858 9.9982E-05 0.871942 9.9982E-05
0.832001 9.9982E-05 0.167799 9.9982E-05
0.849154 9.9982E-05 0.150646 9.9982E-05
0.829082 9.9982E-05 0.170718 9.9982E-05
0.374829 9.9982E-05 0.624971 9.9982E-05
0.320978 0.0540083 0.604875 0.0201394
0.277287 9.9982E-05 0.722513 9.9982E-05
0.467006 9.9991E-05 0.487269 0.0456243
0.0429507 0.204165 0.656321 0.0965636
9.9991E-05 0.176329 0.783945 0.0396263
0.25082 9.9982E-05 0.74898 9.9982E-05
0.480395 9.9991E-05 0.51482 0.00468521
9.9991E-05 0.0657832 0.878321 0.0557958
0.237519 0.108936 0.521609 0.131935
9.9982E-05 9.9982E-05 0.932464 0.0673355
9.9991E-05 0.164243 0.675786 0.159871
9.9991E-05 0.111735 0.689414 0.19875
0.171106 9.9991E-05 0.817325 0.0114689
0.0550238 0.0122028 0.844887 0.0878859
0.268842 0.0144031 0.705563 0.0111922
0.282929 9.9991E-05 0.542473 0.174498
0.999424 9.9982E-05 9.9982E-05 0.000376036
0.075792 0.527306 0.222682 0.17422
0.0376788 9.9982E-05 0.962121 9.9982E-05
9.998E-05 9.998E-05 0.9997 9.998E-05
0.780546 9.9991E-05 0.135572 0.0837822
0.937348 9.9982E-05 0.0624519 9.9982E-05
0.874415 0.00848693 0.0830572 0.0340408
9.9991E-05 0.244149 0.661709 0.094042
9.9982E-05 9.9982E-05 0.0168662 0.982934
9.998E-05 9.998E-05 9.998E-05 0.9997
9.9991E-05 0.0272908 0.0132668 0.959342
9.998E-05 9.998E-05 9.998E-05 0.9997
9.998E-05 9.998E-05 9.998E-05 0.9997
0.200478 0.0672844 0.589948 0.14229
9.9991E-05 0.12119 0.8052 0.07351
