9.997E-05 0.9996 9.997E-05 9.997E-05 9.997E-05
9.9973E-05 0.986561 9.9973E-05 0.0131395 9.9973E-05
9.999E-05 0.836631 0.0187856 0.109582 0.0349009
0.0597376 0.38275 0.104233 0.383727 0.0695524
0.0361268 0.348068 0.00775285 0.496791 0.111262
0.0297137 0.280231 0.0863968 0.582783 0.0208756
0.0664372 0.265076 0.0216126 0.646774 9.9991E-05
9.997E-05 0.9996 9.997E-05 9.997E-05 9.997E-05
9.9982E-05 0.842657 0.0145171 0.142626 9.9982E-05
0.030848 9.9982E-05 0.0119464 0.957006 9.9982E-05
9.9973E-05 9.9973E-05 9.9973E-05 0.975523 0.0241769
0.132614 0.429029 0.059054 0.361819 0.0174833
9.997E-05 0.9996 9.997E-05 9.997E-05 9.997E-05
9.997E-05 9.997E-05 0.9996 9.997E-05 9.997E-05
9.997E-05 9.997E-05 0.9996 9.997E-05 9.997E-05
0.0606883 0.0154064 0.853665 0.0645811 0.00565947
0.0672193 9.9973E-05 0.932481 9.9973E-05 9.9973E-05
9.997E-05 9.997E-05 0.9996 9.997E-05 9.997E-05
9.9982E-05 0.958031 0.000777496 9.9982E-05 0.040992
9.9982E-05 0.913346 9.9982E-05 0.021523 0.0649308
9.9973E-05 0.442011 9.9973E-05 0.557689 9.9973E-05
9.9982E-05 0.387211 9.9982E-05 0.544138 0.0684512
9.9973E-05 0.204098 9.9973E-05 0.795602 9.9973E-05
9.997E-05 9.997E-05 9.997E-05 9.997E-05 0.9996
9.997E-05 9.997E-05 9.997E-05 9.997E-05 0.9996
0.00214005 0.103823 0.0419176 0.157483 0.694636
9.997E-05 9.997E-05 9.997E-05 9.997E-05 0.9996
0.00130772 0.450725 9.9991E-05 0.455497 0.0923709
0.0241934 0.444527 0.017075 0.514105 9.9991E-05
0.0143864 9.9991E-05 0.0674769 0.82575 0.0922871
9.9991E-05 0.312474 0.0305042 0.563877 0.0930448
0.0743421 0.0913019 0.11991 0.65867 0.055776
9.9973E-05 0.162945 9.9973E-05 0.836756 9.9973E-05
9.9973E-05 0.170967 9.9973E-05 0.828733 9.9973E-05
9.9982E-05 0.890113 9.9982E-05 0.106904 0.00278344
9.9973E-05 0.884089 9.9973E-05 0.115612 9.9973E-05
0.000788643 0.846396 9.9982E-05 0.152616 9.9982E-05
0.00129635 0.401801 9.9982E-05 0.596703 9.9982E-05
0.0481772 0.360789 9.9991E-05 0.571493 0.0194406
9.9973E-05 0.309652 9.9973E-05 0.690048 9.9973E-05
0.0561931 0.444327 0.00306627 0.49315 0.00326355
0.052438 0.0336636 0.0467591 0.681053 0.186086
9.9982E-05 9.9982E-05 0.0535417 0.802005 0.144254
0.00522579 0.325481 9.9982E-05 0.669093 9.9982E-05
9.9982E-05 0.524215 0.0244088 0.451176 9.9982E-05
0.0383825 9.9991E-05 0.00819683 0.902051 0.0512693
0.0644321 0.275025 0.0784658 0.429336 0.152742
0.0322737 9.9991E-05 0.0462293 0.911199 0.0101979
0.0434203 0.0555043 0.098129 0.616472 0.186474
0.0928055 9.9991E-05 0.0766076 0.753733 0.0767542
9.9991E-05 0.322729 0.0179116 0.646536 0.0127232
0.0233252 0.0572914 0.0806633 0.83862 9.9991E-05
9.9991E-05 0.337208 0.00283528 0.63648 0.023377
0.113865 0.207548 9.9982E-05 0.678387 9.9982E-05
9.9982E-05 0.968052 0.00718018 0.024568 9.9982E-05
0.108598 0.00810475 0.07181 0.356237 0.45525
9.9982E-05 0.0512573 9.9982E-05 0.943468 0.00507429
9.997E-05 9.997E-05 9.997E-05 0.9996 9.997E-05
0.0481018 0.808992 0.0269937 0.111661 0.00425143
9.9982E-05 0.945359 0.00602128 0.0484201 9.9982E-05
0.0368651 0.906812 9.9991E-05 0.0437255 0.0124973
0.0100635 9.9991E-05 0.0760304 0.674887 0.238919
0.9996 9.997E-05 9.997E-05 9.997E-05 9.997E-05
0.9996 9.997E-05 9.997E-05 9.997E-05 9.997E-05
0.968552 0.0174281 9.9991E-05 0.00568995 0.00822985
0.958998 9.9973E-05 0.0407018 9.9973E-05 9.9973E-05
0.972852 9.9973E-05 0.026848 9.9973E-05 9.9973E-05
0.104131 0.235613 0.0775652 0.500126 0.0825647
9.9982E-05 9.9982E-05 0.0859605 0.800005 0.113834
