9.999E-05 9.999E-05 0.9998
9.999E-05 9.999E-05 0.9998
0.0840366 0.0602189 0.855744
0.422794 0.100866 0.47634
0.456191 0.0468944 0.496915
0.498174 0.021648 0.480178
0.366009 0.0926088 0.541383
9.999E-05 9.999E-05 0.9998
0.0053212 0.0121715 0.982507
0.747849 9.9991E-05 0.252051
0.737238 9.9991E-05 0.262662
0.312065 0.174071 0.513864
9.999E-05 9.999E-05 0.9998
9.9991E-05 0.984331 0.0155692
0.0481132 0.951787 9.9991E-05
0.0500428 0.90369 0.0462674
9.999E-05 0.9998 9.999E-05
9.9991E-05 0.997898 0.00200191
9.9991E-05 0.00674502 0.993155
0.0505017 0.00276439 0.946734
0.248398 9.9991E-05 0.751502
0.37678 9.9991E-05 0.62312
0.322982 9.9991E-05 0.676918
0.857961 0.141939 9.9991E-05
0.865959 0.133941 9.9991E-05
0.877044 0.122856 9.9991E-05
0.831303 0.168597 9.9991E-05
0.380112 9.9991E-05 0.619788
0.209635 0.0510233 0.739342
0.82256 0.00973268 0.167707
0.437941 0.0366759 0.525383
0.373191 0.152024 0.474785
0.258309 9.9991E-05 0.741591
0.349831 9.9991E-05 0.650069
0.0375847 9.9991E-05 0.962315
9.999E-05 9.999E-05 0.9998
0.0257377 0.00336612 0.970896
0.19946 0.00500452 0.795536
0.31387 0.0352311 0.650899
0.327528 9.9991E-05 0.672372
0.300933 0.0204275 0.67864
0.813155 0.0420882 0.144757
0.896793 9.9991E-05 0.103107
0.357586 9.9991E-05 0.642314
0.132119 0.034034 0.833847
0.741645 9.9991E-05 0.258255
0.6572 0.0667208 0.276079
0.755733 9.9991E-05 0.244167
0.697057 0.130753 0.17219
0.827231 0.112594 0.0601752
0.341217 0.0134417 0.645341
0.522596 0.0723207 0.405083
0.426382 9.9991E-05 0.573518
0.380561 0.161422 0.458017
9.9991E-05 0.00161921 0.998281
0.795821 0.204079 9.9991E-05
0.620209 9.9991E-05 0.379691
0.568478 9.9991E-05 0.431422
0.0614651 0.081355 0.85718
9.999E-05 9.999E-05 0.9998
0.0756689 0.00276527 0.921566
0.9998 9.999E-05 9.999E-05
9.9991E-05 0.970671 0.0292292
9.999E-05 0.9998 9.999E-05
0.0287688 0.942512 0.0287193
0.0063289 0.993571 9.9991E-05
9.999E-05 0.9998 9.999E-05
0.548952 0.122204 0.328844
0.982824 9.9991E-05 0.0170755
