      AMA340 0.0027 0.1925 0.7837 0.0002 0.0206 0.0002 
      AMA601 0.0041 0.1661 0.7942 0.0005 0.0350 0.0001 
      AMA656 0.0091 0.1575 0.8034 0.0004 0.0295 0.0002 
    AMANA034 0.0474 0.0589 0.8153 0.0023 0.0756 0.0006 
    AMANA137 0.0779 0.0388 0.8124 0.0045 0.0662 0.0003 
      AMZ551 0.1092 0.0405 0.7586 0.0024 0.0802 0.0092 
      AMZ610 0.0883 0.0295 0.7917 0.0007 0.0863 0.0036 
       B4615 0.0023 0.2053 0.7834 0.0003 0.0085 0.0002 
       B5082 0.0020 0.1736 0.7956 0.0004 0.0283 0.0002 
       BR033 0.2353 0.0010 0.7595 0.0007 0.0033 0.0002 
       BR036 0.1929 0.0014 0.7677 0.0024 0.0354 0.0002 
     BR36440 0.0083 0.1738 0.8067 0.0015 0.0085 0.0012 
      CAM117 0.0020 0.2038 0.7715 0.0003 0.0222 0.0002 
      CPE012 0.0016 0.0004 0.6994 0.0489 0.0005 0.2492 
      CPE025 0.0035 0.0004 0.7078 0.0499 0.0015 0.2369 
      CPE049 0.0039 0.0005 0.7367 0.0435 0.0009 0.2145 
      CPE069 0.0092 0.0006 0.7027 0.0361 0.0010 0.2503 
    CPEII008 0.0025 0.0004 0.7018 0.0432 0.0006 0.2516 
      CUJ027 0.0046 0.1665 0.7843 0.0006 0.0438 0.0002 
      CUJ072 0.0140 0.1596 0.7990 0.0005 0.0267 0.0001 
      FPR006 0.0073 0.0781 0.7694 0.0004 0.1446 0.0001 
      FPR015 0.0800 0.0623 0.7989 0.0026 0.0559 0.0003 
      FPR021 0.0974 0.0547 0.7707 0.0003 0.0767 0.0001 
    GAPTO259 0.0031 0.0005 0.7311 0.2210 0.0019 0.0424 
    GAPTO268 0.0020 0.0005 0.7303 0.2314 0.0008 0.0351 
    GAPTO277 0.0161 0.0007 0.7862 0.1586 0.0017 0.0367 
    GAPTO327 0.0034 0.0006 0.7342 0.2168 0.0014 0.0436 
      MAM010 0.0704 0.0756 0.7933 0.0017 0.0587 0.0002 
      MAR092 0.0761 0.0631 0.8092 0.0007 0.0505 0.0004 
       MF005 0.2038 0.0015 0.7606 0.0224 0.0107 0.0011 
     MPDS628 0.0807 0.0422 0.8225 0.0018 0.0522 0.0005 
      MSF107 0.1467 0.0025 0.8113 0.0053 0.0207 0.0135 
       MT087 0.0041 0.0063 0.7587 0.0003 0.2304 0.0001 
       MT123 0.0016 0.0017 0.7632 0.0002 0.2332 0.0001 
       OM022 0.0176 0.1696 0.7674 0.0003 0.0449 0.0002 
       OM112 0.0084 0.1739 0.7660 0.0003 0.0512 0.0001 
       OM172 0.0126 0.1626 0.7852 0.0004 0.0390 0.0002 
       OP100 0.0056 0.0703 0.7581 0.0015 0.1642 0.0002 
     PIME024 0.1178 0.0450 0.7774 0.0004 0.0591 0.0003 
     PIME062 0.0991 0.0548 0.7853 0.0003 0.0603 0.0001 
     PIME079 0.0766 0.0712 0.8149 0.0003 0.0365 0.0005 
     PIME134 0.1602 0.0016 0.7833 0.0452 0.0017 0.0080 
     PIME135 0.1902 0.0009 0.7741 0.0307 0.0011 0.0031 
     PIME169 0.0895 0.0566 0.7903 0.0006 0.0628 0.0001 
     PIME460 0.0621 0.0645 0.7811 0.0005 0.0916 0.0002 
     PIME482 0.1943 0.0017 0.7915 0.0069 0.0046 0.0010 
     PIME521 0.1632 0.0029 0.8009 0.0258 0.0065 0.0008 
     PIME522 0.2047 0.0028 0.7818 0.0029 0.0070 0.0009 
    PPBIO221 0.1172 0.0010 0.7976 0.0526 0.0018 0.0299 
    PPBIO305 0.1421 0.0007 0.7823 0.0363 0.0021 0.0365 
      PPS041 0.0335 0.0150 0.7961 0.0013 0.1538 0.0003 
      PPS174 0.1854 0.0007 0.8050 0.0003 0.0082 0.0004 
      PPS221 0.0128 0.0126 0.8086 0.0006 0.1652 0.0002 
      PPS352 0.0265 0.0208 0.8053 0.0047 0.1410 0.0016 
      PUC008 0.0383 0.1631 0.7841 0.0003 0.0141 0.0001 
      RDO007 0.0826 0.0007 0.7609 0.0860 0.0057 0.0641 
      TLP025 0.1550 0.0040 0.7877 0.0005 0.0526 0.0002 
      TLP123 0.1318 0.0017 0.7737 0.0003 0.0924 0.0001 
    UFAC1007 0.0052 0.1677 0.8114 0.0005 0.0147 0.0005 
     UFAC305 0.0048 0.1595 0.7869 0.0002 0.0485 0.0001 
     UFAC476 0.0028 0.1708 0.8118 0.0003 0.0141 0.0001 
      UHE442 0.1649 0.0049 0.7499 0.0527 0.0037 0.0239 
      UNA002 0.0009 0.0004 0.7136 0.0199 0.0004 0.2647 
      UNA018 0.0010 0.0003 0.7041 0.0138 0.0005 0.2804 
      UNA088 0.0042 0.0007 0.7330 0.0275 0.0013 0.2334 
      UNA110 0.0008 0.0003 0.7056 0.0215 0.0004 0.2715 
      UNA124 0.0019 0.0005 0.7323 0.0091 0.0010 0.2552 
       WM281 0.1519 0.0056 0.8017 0.0137 0.0187 0.0084 
       WM293 0.1922 0.0015 0.7659 0.0368 0.0020 0.0017 
