      AMA340 0.0039 0.0002 0.7844 0.2112 0.0003 
      AMA601 0.0129 0.0001 0.7951 0.1914 0.0005 
      AMA656 0.0165 0.0002 0.8043 0.1785 0.0005 
    AMANA034 0.1148 0.0005 0.8156 0.0673 0.0018 
    AMANA137 0.1304 0.0003 0.8134 0.0527 0.0033 
      AMZ551 0.1793 0.0071 0.7595 0.0512 0.0028 
      AMZ610 0.1621 0.0026 0.7927 0.0419 0.0008 
       B4615 0.0025 0.0001 0.7841 0.2130 0.0003 
       B5082 0.0048 0.0002 0.7965 0.1981 0.0004 
       BR033 0.2335 0.0004 0.7616 0.0012 0.0033 
       BR036 0.2240 0.0002 0.7691 0.0018 0.0048 
     BR36440 0.0101 0.0011 0.8068 0.1805 0.0015 
      CAM117 0.0034 0.0002 0.7723 0.2238 0.0004 
      CPE012 0.0014 0.2256 0.7021 0.0005 0.0704 
      CPE025 0.0043 0.2134 0.7105 0.0005 0.0713 
      CPE049 0.0033 0.1935 0.7394 0.0007 0.0630 
      CPE069 0.0080 0.2294 0.7055 0.0009 0.0562 
    CPEII008 0.0021 0.2289 0.7047 0.0005 0.0639 
      CUJ027 0.0224 0.0002 0.7852 0.1916 0.0006 
      CUJ072 0.0236 0.0001 0.7999 0.1758 0.0006 
      FPR006 0.1163 0.0001 0.7700 0.1133 0.0003 
      FPR015 0.1223 0.0003 0.7999 0.0751 0.0024 
      FPR021 0.1601 0.0001 0.7717 0.0677 0.0003 
    GAPTO259 0.0033 0.0342 0.7344 0.0007 0.2274 
    GAPTO268 0.0020 0.0280 0.7337 0.0005 0.2357 
    GAPTO277 0.0127 0.0298 0.7888 0.0009 0.1679 
    GAPTO327 0.0031 0.0354 0.7374 0.0007 0.2234 
      MAM010 0.1150 0.0002 0.7945 0.0887 0.0016 
      MAR092 0.1127 0.0004 0.8102 0.0759 0.0008 
       MF005 0.1952 0.0024 0.7624 0.0024 0.0376 
     MPDS628 0.1159 0.0005 0.8236 0.0574 0.0026 
      MSF107 0.1614 0.0158 0.8127 0.0028 0.0073 
       MT087 0.1954 0.0001 0.7597 0.0446 0.0002 
       MT123 0.2155 0.0001 0.7643 0.0199 0.0002 
       OM022 0.0428 0.0002 0.7684 0.1883 0.0003 
       OM112 0.0328 0.0001 0.7670 0.1997 0.0004 
       OM172 0.0298 0.0002 0.7861 0.1834 0.0005 
       OP100 0.1366 0.0001 0.7585 0.1042 0.0005 
     PIME024 0.1658 0.0003 0.7786 0.0548 0.0004 
     PIME062 0.1466 0.0001 0.7864 0.0667 0.0003 
     PIME079 0.1027 0.0006 0.8158 0.0805 0.0004 
     PIME134 0.1385 0.0142 0.7855 0.0027 0.0591 
     PIME135 0.1652 0.0083 0.7763 0.0014 0.0489 
     PIME169 0.1383 0.0001 0.7912 0.0697 0.0006 
     PIME460 0.1336 0.0002 0.7821 0.0836 0.0004 
     PIME482 0.1801 0.0024 0.7931 0.0025 0.0220 
     PIME521 0.1526 0.0008 0.8032 0.0035 0.0400 
     PIME522 0.1959 0.0031 0.7834 0.0038 0.0138 
    PPBIO221 0.1022 0.0298 0.7998 0.0014 0.0668 
    PPBIO305 0.1268 0.0379 0.7844 0.0010 0.0498 
      PPS041 0.1696 0.0002 0.7963 0.0334 0.0005 
      PPS174 0.1915 0.0007 0.8066 0.0007 0.0005 
      PPS221 0.1634 0.0001 0.8096 0.0265 0.0003 
      PPS352 0.1472 0.0013 0.8063 0.0424 0.0028 
      PUC008 0.0375 0.0001 0.7851 0.1770 0.0003 
      RDO007 0.0765 0.0588 0.7632 0.0010 0.1004 
      TLP025 0.2053 0.0002 0.7890 0.0050 0.0006 
      TLP123 0.2222 0.0001 0.7748 0.0026 0.0003 
    UFAC1007 0.0065 0.0004 0.8124 0.1801 0.0005 
     UFAC305 0.0218 0.0001 0.7879 0.1900 0.0002 
     UFAC476 0.0038 0.0001 0.8125 0.1832 0.0004 
      UHE442 0.1452 0.0259 0.7522 0.0080 0.0686 
      UNA002 0.0012 0.2513 0.7170 0.0005 0.0300 
      UNA018 0.0013 0.2666 0.7073 0.0003 0.0245 
      UNA088 0.0053 0.2179 0.7359 0.0010 0.0399 
      UNA110 0.0010 0.2587 0.7090 0.0004 0.0309 
      UNA124 0.0029 0.2409 0.7353 0.0007 0.0203 
       WM281 0.1519 0.0099 0.8032 0.0092 0.0259 
       WM293 0.1737 0.0039 0.7680 0.0022 0.0522 
