      AMA340 0.0071 0.0482 0.1131 0.0004 0.0442 0.7856 0.0010 0.0003 
      AMA601 0.0074 0.0417 0.0961 0.0002 0.0542 0.7960 0.0036 0.0007 
      AMA656 0.0171 0.0356 0.0894 0.0003 0.0505 0.8053 0.0012 0.0005 
    AMANA034 0.0570 0.0478 0.0191 0.0006 0.0547 0.8160 0.0029 0.0019 
    AMANA137 0.0704 0.0594 0.0036 0.0003 0.0468 0.8136 0.0016 0.0042 
      AMZ551 0.1114 0.0308 0.0104 0.0066 0.0710 0.7597 0.0079 0.0022 
      AMZ610 0.0804 0.0233 0.0062 0.0031 0.0863 0.7929 0.0071 0.0007 
       B4615 0.0103 0.0458 0.1290 0.0002 0.0278 0.7859 0.0005 0.0004 
       B5082 0.0044 0.0370 0.1016 0.0004 0.0580 0.7978 0.0003 0.0006 
       BR033 0.1717 0.0016 0.0005 0.0002 0.0040 0.7605 0.0607 0.0008 
       BR036 0.0876 0.0147 0.0006 0.0002 0.0193 0.7687 0.1020 0.0068 
     BR36440 0.0090 0.1003 0.0702 0.0012 0.0065 0.8096 0.0016 0.0017 
      CAM117 0.0069 0.0280 0.1363 0.0005 0.0534 0.7740 0.0005 0.0005 
      CPE012 0.0021 0.0005 0.0002 0.2484 0.0005 0.7006 0.0003 0.0475 
      CPE025 0.0045 0.0007 0.0002 0.2360 0.0013 0.7090 0.0005 0.0479 
      CPE049 0.0047 0.0006 0.0003 0.2135 0.0011 0.7378 0.0006 0.0414 
      CPE069 0.0109 0.0005 0.0004 0.2489 0.0013 0.7038 0.0007 0.0336 
    CPEII008 0.0032 0.0004 0.0002 0.2509 0.0007 0.7028 0.0005 0.0412 
      CUJ027 0.0099 0.0656 0.0853 0.0002 0.0520 0.7860 0.0003 0.0008 
      CUJ072 0.0262 0.0434 0.0899 0.0001 0.0385 0.8007 0.0005 0.0006 
      FPR006 0.0028 0.2136 0.0008 0.0001 0.0083 0.7691 0.0048 0.0004 
      FPR015 0.0768 0.0635 0.0121 0.0003 0.0444 0.7996 0.0011 0.0021 
      FPR021 0.0805 0.0774 0.0036 0.0001 0.0655 0.7715 0.0011 0.0003 
    GAPTO259 0.0041 0.0006 0.0003 0.0420 0.0033 0.7319 0.0008 0.2170 
    GAPTO268 0.0025 0.0009 0.0002 0.0350 0.0008 0.7310 0.0009 0.2287 
    GAPTO277 0.0154 0.0017 0.0003 0.0366 0.0011 0.7869 0.0028 0.1551 
    GAPTO327 0.0057 0.0019 0.0002 0.0432 0.0012 0.7351 0.0003 0.2124 
      MAM010 0.0627 0.0689 0.0217 0.0002 0.0477 0.7944 0.0026 0.0019 
      MAR092 0.0718 0.0551 0.0179 0.0004 0.0413 0.8101 0.0026 0.0008 
       MF005 0.2153 0.0025 0.0003 0.0006 0.0065 0.7612 0.0010 0.0127 
     MPDS628 0.0812 0.0731 0.0034 0.0004 0.0169 0.8232 0.0004 0.0015 
      MSF107 0.1003 0.0051 0.0011 0.0150 0.0185 0.8126 0.0412 0.0061 
       MT087 0.0024 0.0043 0.0007 0.0001 0.2306 0.7587 0.0029 0.0003 
       MT123 0.0014 0.0015 0.0005 0.0001 0.2319 0.7633 0.0011 0.0002 
       OM022 0.0107 0.1198 0.0644 0.0002 0.0247 0.7690 0.0109 0.0003 
       OM112 0.0059 0.1747 0.0436 0.0001 0.0063 0.7671 0.0019 0.0004 
       OM172 0.0123 0.1094 0.0637 0.0003 0.0220 0.7867 0.0052 0.0004 
       OP100 0.0045 0.0668 0.0142 0.0002 0.1535 0.7588 0.0007 0.0014 
     PIME024 0.1161 0.0713 0.0037 0.0003 0.0293 0.7780 0.0011 0.0004 
     PIME062 0.0953 0.0399 0.0190 0.0001 0.0584 0.7863 0.0007 0.0003 
     PIME079 0.0779 0.0449 0.0268 0.0005 0.0330 0.8160 0.0007 0.0003 
     PIME134 0.1683 0.0015 0.0006 0.0041 0.0014 0.7838 0.0008 0.0396 
     PIME135 0.1943 0.0010 0.0004 0.0015 0.0011 0.7748 0.0018 0.0252 
     PIME169 0.0793 0.0585 0.0118 0.0002 0.0564 0.7912 0.0021 0.0006 
     PIME460 0.0491 0.0998 0.0033 0.0002 0.0642 0.7821 0.0008 0.0005 
     PIME482 0.1894 0.0029 0.0005 0.0007 0.0038 0.7922 0.0061 0.0043 
     PIME521 0.1361 0.0022 0.0018 0.0007 0.0072 0.8018 0.0257 0.0244 
     PIME522 0.1569 0.0044 0.0010 0.0009 0.0058 0.7825 0.0459 0.0025 
    PPBIO221 0.1230 0.0013 0.0004 0.0266 0.0016 0.7980 0.0011 0.0480 
    PPBIO305 0.1484 0.0010 0.0003 0.0326 0.0014 0.7830 0.0017 0.0316 
      PPS041 0.0173 0.0143 0.0023 0.0003 0.1478 0.7964 0.0204 0.0012 
      PPS174 0.0581 0.0019 0.0004 0.0007 0.0042 0.8060 0.1283 0.0004 
      PPS221 0.0031 0.0064 0.0048 0.0002 0.1280 0.8091 0.0479 0.0005 
      PPS352 0.0307 0.0283 0.0026 0.0015 0.1254 0.8064 0.0014 0.0036 
      PUC008 0.0546 0.0508 0.0890 0.0002 0.0186 0.7858 0.0008 0.0003 
      RDO007 0.0901 0.0023 0.0002 0.0613 0.0024 0.7616 0.0008 0.0813 
      TLP025 0.0933 0.0044 0.0030 0.0002 0.0500 0.7885 0.0601 0.0006 
      TLP123 0.0444 0.0153 0.0008 0.0001 0.0815 0.7749 0.0825 0.0005 
    UFAC1007 0.0113 0.0277 0.1032 0.0009 0.0414 0.8139 0.0009 0.0007 
     UFAC305 0.0051 0.0755 0.0769 0.0001 0.0518 0.7886 0.0017 0.0002 
     UFAC476 0.0048 0.0511 0.0978 0.0002 0.0304 0.8140 0.0012 0.0005 
      UHE442 0.1771 0.0016 0.0014 0.0184 0.0030 0.7504 0.0010 0.0472 
      UNA002 0.0012 0.0004 0.0002 0.2628 0.0005 0.7147 0.0002 0.0199 
      UNA018 0.0011 0.0003 0.0001 0.2787 0.0005 0.7051 0.0002 0.0139 
      UNA088 0.0040 0.0023 0.0002 0.2313 0.0011 0.7339 0.0006 0.0266 
      UNA110 0.0009 0.0004 0.0002 0.2700 0.0004 0.7066 0.0001 0.0213 
      UNA124 0.0022 0.0008 0.0002 0.2530 0.0010 0.7332 0.0002 0.0093 
       WM281 0.1518 0.0094 0.0016 0.0058 0.0136 0.8024 0.0045 0.0109 
       WM293 0.1919 0.0031 0.0006 0.0011 0.0012 0.7665 0.0046 0.0309 
