0.104253 0.104246 0.100480 0.110969 0.115686 0.114299 0.093633 0.107579 0.119216 0.108495 0.105015 0.115776 0.115695 0.115665 0.104349 0.115511 0.100452 0.100761 0.118249 0.116205 0.114676 0.108396 0.109280 0.107629 0.106093 0.102801 0.098526 0.108185 0.112677 0.110857 0.107968 0.113481 0.114041 0.099057 0.109132 0.121461
0.104246 0.095999 0.094280 0.110601 0.108586 0.107263 0.089743 0.106935 0.111982 0.106902 0.103894 0.108140 0.108490 0.107994 0.098063 0.107807 0.093818 0.093694 0.112173 0.111486 0.110448 0.100674 0.101989 0.100360 0.098979 0.095540 0.092438 0.102016 0.109776 0.103625 0.101447 0.106916 0.111016 0.098166 0.101880 0.114227
0.100480 0.094280 0.085999 0.106833 0.104634 0.103117 0.085616 0.103162 0.108418 0.103172 0.100135 0.105846 0.104859 0.105676 0.093956 0.105538 0.090886 0.089663 0.106169 0.107872 0.106048 0.098388 0.098575 0.096811 0.095064 0.092043 0.086449 0.096147 0.106171 0.100056 0.095930 0.101099 0.107027 0.094386 0.098358 0.110662
0.110969 0.110601 0.106833 0.116121 0.122040 0.120653 0.099979 0.113689 0.125570 0.114888 0.111401 0.122131 0.122049 0.122020 0.110702 0.121866 0.106807 0.107114 0.124600 0.122558 0.121022 0.114751 0.115634 0.113983 0.112447 0.109156 0.104878 0.114536 0.119049 0.117211 0.114321 0.119834 0.120374 0.105271 0.115486 0.127815
0.115686 0.108586 0.104634 0.122040 0.115351 0.114522 0.101035 0.118372 0.120243 0.118357 0.115337 0.120185 0.116708 0.119847 0.109374 0.119764 0.105600 0.100664 0.122098 0.122989 0.121626 0.112513 0.110593 0.108542 0.106185 0.103905 0.102333 0.111704 0.121283 0.111880 0.110473 0.116454 0.122364 0.109600 0.110175 0.122487
0.114299 0.107263 0.103117 0.120653 0.114522 0.111857 0.099635 0.116985 0.119234 0.116972 0.113951 0.118860 0.115698 0.118542 0.107970 0.118452 0.104244 0.099644 0.120632 0.121607 0.120216 0.111212 0.109561 0.107500 0.105111 0.102891 0.100868 0.110241 0.119902 0.110872 0.108731 0.114711 0.120969 0.108213 0.109166 0.121478
0.093633 0.089743 0.085616 0.099979 0.101035 0.099635 0.077519 0.096299 0.104597 0.096401 0.093303 0.101281 0.101069 0.101161 0.089596 0.101009 0.085978 0.086102 0.103334 0.101763 0.099184 0.093889 0.094675 0.093010 0.091446 0.088189 0.083615 0.093295 0.099656 0.096237 0.093176 0.098710 0.099738 0.087506 0.094518 0.106841
0.107579 0.106935 0.103162 0.113689 0.118372 0.116985 0.096299 0.109185 0.121903 0.111276 0.107791 0.118466 0.118382 0.118355 0.107033 0.118201 0.103141 0.103447 0.120930 0.118891 0.117342 0.111085 0.111967 0.110315 0.108780 0.105488 0.101207 0.110866 0.115408 0.113544 0.110652 0.116165 0.116673 0.101297 0.111819 0.124147
0.119216 0.111982 0.108418 0.125570 0.120243 0.119234 0.104597 0.121903 0.104294 0.121884 0.118867 0.123563 0.113792 0.123101 0.112939 0.123082 0.109058 0.105427 0.125887 0.126506 0.125212 0.115870 0.111994 0.112665 0.110810 0.104760 0.106145 0.115600 0.124799 0.107962 0.114630 0.120485 0.125914 0.113132 0.110686 0.106539
0.108495 0.106902 0.103172 0.114888 0.118357 0.116972 0.096401 0.111276 0.121884 0.109988 0.108039 0.118432 0.118364 0.118322 0.107033 0.118168 0.103108 0.103433 0.120945 0.118878 0.117441 0.111053 0.111946 0.110296 0.108764 0.105469 0.101222 0.110878 0.115112 0.113525 0.110653 0.116164 0.116925 0.102594 0.111800 0.124129
0.105015 0.103894 0.100135 0.111401 0.115337 0.113951 0.093303 0.107791 0.118867 0.108039 0.104114 0.115425 0.115346 0.115314 0.104003 0.115160 0.100100 0.100412 0.117905 0.115854 0.114347 0.108045 0.108930 0.107279 0.105744 0.102452 0.098182 0.107840 0.112293 0.110507 0.107622 0.113134 0.113749 0.099126 0.108783 0.121111
0.115776 0.108140 0.105846 0.122131 0.120185 0.118860 0.101281 0.118466 0.123563 0.118432 0.115425 0.119485 0.120072 0.119467 0.109613 0.119319 0.105346 0.105293 0.123739 0.123017 0.121989 0.112247 0.113563 0.111998 0.110582 0.107119 0.104005 0.113585 0.121304 0.115206 0.113027 0.118495 0.122551 0.109697 0.113461 0.125808
0.115695 0.108490 0.104859 0.122049 0.116708 0.115698 0.101069 0.118382 0.113792 0.118364 0.115346 0.120072 0.096934 0.119621 0.109416 0.119596 0.105554 0.101886 0.122240 0.122989 0.121678 0.112383 0.108690 0.109154 0.107280 0.101516 0.102510 0.111984 0.121281 0.105081 0.111063 0.116935 0.122388 0.109611 0.107453 0.116037
0.115665 0.107994 0.105676 0.122020 0.119847 0.118542 0.101161 0.118355 0.123101 0.118322 0.115314 0.119467 0.119621 0.117753 0.109491 0.118986 0.105251 0.104960 0.123546 0.122909 0.121863 0.112034 0.113048 0.111685 0.110252 0.106638 0.103810 0.113381 0.121197 0.114744 0.112793 0.118285 0.122435 0.109586 0.112991 0.125345
0.104349 0.098063 0.093956 0.110702 0.109374 0.107970 0.089596 0.107033 0.112939 0.107033 0.104003 0.109613 0.109416 0.109491 0.094332 0.109338 0.094464 0.094448 0.111985 0.111580 0.110185 0.102217 0.103012 0.101340 0.099778 0.096527 0.092261 0.101909 0.110004 0.104579 0.101606 0.107021 0.110965 0.098259 0.102856 0.115183
0.115511 0.107807 0.105538 0.121866 0.119764 0.118452 0.101009 0.118201 0.123082 0.118168 0.115160 0.119319 0.119596 0.118986 0.109338 0.118220 0.105091 0.104876 0.123416 0.122754 0.121713 0.111818 0.113055 0.111584 0.110166 0.106630 0.103681 0.113255 0.121042 0.114724 0.112676 0.118159 0.122282 0.109432 0.112975 0.125326
0.100452 0.093818 0.090886 0.106807 0.105600 0.104244 0.085978 0.103141 0.109058 0.103108 0.100100 0.105346 0.105554 0.105251 0.094464 0.105091 0.088427 0.090694 0.108791 0.107449 0.106724 0.097986 0.099089 0.097468 0.095997 0.092627 0.089061 0.098667 0.105986 0.100700 0.098214 0.103667 0.107237 0.094373 0.098964 0.111303
0.100761 0.093694 0.089663 0.107114 0.100664 0.099644 0.086102 0.103447 0.105427 0.103433 0.100412 0.105293 0.101886 0.104960 0.094448 0.104876 0.090694 0.084299 0.107063 0.108068 0.106687 0.097628 0.095775 0.093750 0.091414 0.089091 0.087292 0.096604 0.106361 0.097064 0.095367 0.101484 0.107434 0.094675 0.095363 0.107671
0.118249 0.112173 0.106169 0.124600 0.122098 0.120632 0.103334 0.120930 0.125887 0.120945 0.117905 0.123739 0.122240 0.123546 0.111985 0.123416 0.108791 0.107063 0.117442 0.125684 0.123704 0.116253 0.116135 0.114381 0.112569 0.109576 0.100308 0.110772 0.123960 0.117521 0.112982 0.119319 0.124762 0.112152 0.115879 0.128131
0.116205 0.111486 0.107872 0.122558 0.122989 0.121607 0.101763 0.118891 0.126506 0.118878 0.115854 0.123017 0.122989 0.122909 0.111580 0.122754 0.107449 0.108068 0.125684 0.120074 0.122682 0.115640 0.116564 0.114918 0.113394 0.110088 0.105960 0.115606 0.121862 0.118147 0.115337 0.120831 0.122983 0.110120 0.116420 0.128751
0.114676 0.110448 0.106048 0.121022 0.121626 0.120216 0.099184 0.117342 0.125212 0.117441 0.114347 0.121989 0.121678 0.121863 0.110185 0.121713 0.106724 0.106687 0.123704 0.122682 0.116580 0.114589 0.115301 0.113626 0.112041 0.108809 0.103987 0.113688 0.120666 0.116852 0.113654 0.119212 0.120676 0.108548 0.115136 0.127456
0.108396 0.100674 0.098388 0.114751 0.112513 0.111212 0.093889 0.111085 0.115870 0.111053 0.108045 0.112247 0.112383 0.112034 0.102217 0.111818 0.097986 0.097628 0.116253 0.115640 0.114589 0.103454 0.105878 0.104272 0.102916 0.099425 0.096517 0.106085 0.113929 0.107513 0.105487 0.110983 0.115164 0.102317 0.105765 0.118115
0.109280 0.101989 0.098575 0.115634 0.110593 0.109561 0.094675 0.111967 0.111994 0.111946 0.108930 0.113563 0.108690 0.113048 0.103012 0.113055 0.099089 0.095775 0.116135 0.116564 0.115301 0.105878 0.100513 0.102945 0.101144 0.095274 0.096386 0.105840 0.114856 0.103650 0.104872 0.110685 0.115987 0.103196 0.101765 0.114238
0.107629 0.100360 0.096811 0.113983 0.108542 0.107500 0.093010 0.110315 0.112665 0.110296 0.107279 0.111998 0.109154 0.111685 0.101340 0.111584 0.097468 0.093750 0.114381 0.114918 0.113626 0.104272 0.102945 0.096928 0.098900 0.096296 0.094624 0.104053 0.113211 0.104304 0.102986 0.108816 0.114327 0.101544 0.102580 0.114909
0.106093 0.098979 0.095064 0.112447 0.106185 0.105111 0.091446 0.108780 0.110810 0.108764 0.105744 0.110582 0.107280 0.110252 0.099778 0.110166 0.095997 0.091414 0.112569 0.113394 0.112041 0.102916 0.101144 0.098900 0.095707 0.094465 0.092806 0.102193 0.111689 0.102448 0.100978 0.106894 0.112774 0.100008 0.100739 0.113055
0.102801 0.095540 0.092043 0.109156 0.103905 0.102891 0.088189 0.105488 0.104760 0.105469 0.102452 0.107119 0.101516 0.106638 0.096527 0.106630 0.092627 0.089091 0.109576 0.110088 0.108809 0.099425 0.095274 0.096296 0.094465 0.087426 0.089826 0.099272 0.108381 0.096423 0.098280 0.104117 0.109504 0.096717 0.094592 0.107004
0.098526 0.092438 0.086449 0.104878 0.102333 0.100868 0.083615 0.101207 0.106145 0.101222 0.098182 0.104005 0.102510 0.103810 0.092261 0.103681 0.089061 0.087292 0.100308 0.105960 0.103987 0.096517 0.096386 0.094624 0.092806 0.089826 0.079487 0.090790 0.104236 0.097779 0.093209 0.099578 0.105041 0.092430 0.096130 0.108390
0.108185 0.102016 0.096147 0.114536 0.111704 0.110241 0.093295 0.110866 0.115600 0.110878 0.107840 0.113585 0.111984 0.113381 0.101909 0.113255 0.098667 0.096604 0.110772 0.115606 0.113688 0.106085 0.105840 0.104053 0.102193 0.099272 0.090790 0.095414 0.113885 0.107235 0.102257 0.109097 0.114713 0.102089 0.105574 0.117844
0.112677 0.109776 0.106171 0.119049 0.121283 0.119902 0.099656 0.115408 0.124799 0.115112 0.112293 0.121304 0.121281 0.121197 0.110004 0.121042 0.105986 0.106361 0.123960 0.121862 0.120666 0.113929 0.114856 0.113211 0.111689 0.108381 0.104236 0.113885 0.115807 0.116440 0.113627 0.119131 0.120400 0.106682 0.114713 0.127043
0.110857 0.103625 0.100056 0.117211 0.111880 0.110872 0.096237 0.113544 0.107962 0.113525 0.110507 0.115206 0.105081 0.114744 0.104579 0.114724 0.100700 0.097064 0.117521 0.118147 0.116852 0.107513 0.103650 0.104304 0.102448 0.096423 0.097779 0.107235 0.116440 0.098622 0.106267 0.112123 0.117554 0.104773 0.102342 0.110207
0.107968 0.101447 0.095930 0.114321 0.110473 0.108731 0.093176 0.110652 0.114630 0.110653 0.107622 0.113027 0.111063 0.112793 0.101606 0.112676 0.098214 0.095367 0.112982 0.115337 0.113654 0.105487 0.104872 0.102986 0.100978 0.098280 0.093209 0.102257 0.113627 0.106267 0.093751 0.107429 0.114558 0.101877 0.104577 0.116874
0.113481 0.106916 0.101099 0.119834 0.116454 0.114711 0.098710 0.116165 0.120485 0.116164 0.113134 0.118495 0.116935 0.118285 0.107021 0.118159 0.103667 0.101484 0.119319 0.120831 0.119212 0.110983 0.110685 0.108816 0.106894 0.104117 0.099578 0.109097 0.119131 0.112123 0.107429 0.109149 0.120085 0.107390 0.110421 0.122729
0.114041 0.111016 0.107027 0.120374 0.122364 0.120969 0.099738 0.116673 0.125914 0.116925 0.113749 0.122551 0.122388 0.122435 0.110965 0.122282 0.107237 0.107434 0.124762 0.122983 0.120676 0.115164 0.115987 0.114327 0.112774 0.109504 0.105041 0.114713 0.120400 0.117554 0.114558 0.120085 0.115725 0.107833 0.115833 0.128158
0.099057 0.098166 0.094386 0.105271 0.109600 0.108213 0.087506 0.101297 0.113132 0.102594 0.099126 0.109697 0.109611 0.109586 0.098259 0.109432 0.094373 0.094675 0.112152 0.110120 0.108548 0.102317 0.103196 0.101544 0.100008 0.096717 0.092430 0.102089 0.106682 0.104773 0.101877 0.107390 0.107833 0.091449 0.103048 0.115376
0.109132 0.101880 0.098358 0.115486 0.110175 0.109166 0.094518 0.111819 0.110686 0.111800 0.108783 0.113461 0.107453 0.112991 0.102856 0.112975 0.098964 0.095363 0.115879 0.116420 0.115136 0.105765 0.101765 0.102580 0.100739 0.094592 0.096130 0.105574 0.114713 0.102342 0.104577 0.110421 0.115833 0.103048 0.099473 0.112930
0.121461 0.114227 0.110662 0.127815 0.122487 0.121478 0.106841 0.124147 0.106539 0.124129 0.121111 0.125808 0.116037 0.125345 0.115183 0.125326 0.111303 0.107671 0.128131 0.128751 0.127456 0.118115 0.114238 0.114909 0.113055 0.107004 0.108390 0.117844 0.127043 0.110207 0.116874 0.122729 0.128158 0.115376 0.112930 0.092999
