0.103696 0.099562 0.100540 0.100745 0.111996 0.115271 0.112898 0.092780 0.114252 0.118753 0.107423 0.104665 0.115454 0.115618 0.107346 0.103315 0.115910 0.099649 0.099113 0.118718 0.115934 0.114928 0.117500 0.107049 0.109287 0.114356 0.108495 0.106312 0.102725 0.099132 0.107881 0.114416 0.111512 0.110739 0.097923 0.113719 0.097565 0.109992 0.121252
0.099562 0.087430 0.089584 0.090575 0.107576 0.104541 0.102219 0.085306 0.109530 0.107922 0.101733 0.099562 0.104046 0.104803 0.095932 0.093476 0.104865 0.089606 0.088391 0.108556 0.107558 0.106507 0.106251 0.095600 0.098424 0.103052 0.097723 0.095567 0.091877 0.088965 0.097588 0.106987 0.100681 0.100336 0.093079 0.106724 0.092613 0.099145 0.110421
0.100540 0.089584 0.087414 0.091305 0.108554 0.105231 0.102903 0.086260 0.110508 0.108703 0.102713 0.100541 0.105488 0.105577 0.097374 0.094340 0.105837 0.090564 0.089083 0.109287 0.108520 0.107388 0.107517 0.097077 0.099224 0.103594 0.098305 0.096244 0.092665 0.089695 0.098307 0.107983 0.101461 0.101040 0.094057 0.107686 0.093591 0.099932 0.111202
0.100745 0.090575 0.091305 0.087270 0.108757 0.104802 0.102288 0.086287 0.110707 0.108504 0.102934 0.100747 0.106474 0.105329 0.098300 0.094158 0.106102 0.091228 0.088615 0.106591 0.108740 0.106463 0.108119 0.098025 0.099109 0.105128 0.098254 0.095907 0.092517 0.086995 0.096076 0.108314 0.101261 0.099108 0.094253 0.107766 0.093785 0.099783 0.111002
0.111996 0.107576 0.108554 0.108757 0.119101 0.123284 0.120911 0.100788 0.122087 0.126767 0.115456 0.112693 0.123468 0.123632 0.115360 0.111328 0.123923 0.107662 0.107126 0.126731 0.123946 0.122938 0.125514 0.115063 0.117300 0.122370 0.116509 0.114325 0.110739 0.107145 0.115894 0.122436 0.119525 0.118752 0.105815 0.121722 0.105484 0.118006 0.129266
0.115271 0.104541 0.105231 0.104802 0.123284 0.114816 0.113504 0.100927 0.125237 0.119865 0.117451 0.115272 0.120448 0.116699 0.112144 0.108915 0.118325 0.105482 0.099140 0.122463 0.123258 0.121672 0.121228 0.111909 0.110497 0.118793 0.110094 0.106847 0.103868 0.102871 0.110880 0.122764 0.112621 0.113758 0.108785 0.122372 0.108318 0.111124 0.122363
0.112898 0.102219 0.102903 0.102288 0.120911 0.113504 0.099538 0.098541 0.122864 0.118001 0.115078 0.112900 0.118125 0.114842 0.109839 0.106528 0.116294 0.103130 0.097449 0.119981 0.120886 0.119252 0.119048 0.109598 0.108619 0.116506 0.107970 0.104934 0.101999 0.100378 0.108495 0.120397 0.110758 0.111096 0.106411 0.119990 0.105944 0.109257 0.120500
0.092780 0.085306 0.086260 0.086287 0.100788 0.100927 0.098541 0.077254 0.102726 0.104421 0.095038 0.092790 0.101199 0.101283 0.093087 0.088880 0.101603 0.085351 0.084766 0.104251 0.101464 0.100014 0.103218 0.092792 0.094959 0.100083 0.094163 0.091972 0.088396 0.084667 0.093445 0.100891 0.097179 0.096324 0.086266 0.099395 0.085790 0.095663 0.106920
0.114252 0.109530 0.110508 0.110707 0.122087 0.125237 0.122864 0.102726 0.113527 0.128720 0.117470 0.114716 0.125423 0.125585 0.117315 0.113278 0.125877 0.109616 0.109079 0.128681 0.125894 0.124878 0.127468 0.117018 0.119253 0.124325 0.118462 0.116278 0.112692 0.109095 0.117844 0.124409 0.121478 0.120703 0.106946 0.123636 0.107031 0.119959 0.131219
0.118753 0.107922 0.108703 0.108504 0.126767 0.119865 0.118001 0.104421 0.128720 0.103822 0.120932 0.118755 0.123830 0.113732 0.115427 0.112440 0.120834 0.108943 0.103723 0.126106 0.126743 0.125234 0.123944 0.115237 0.111911 0.122194 0.113878 0.110978 0.104091 0.106571 0.114753 0.126237 0.108718 0.117660 0.112268 0.125862 0.111801 0.111514 0.106321
0.107423 0.101733 0.102713 0.102934 0.115456 0.117451 0.115078 0.095038 0.117470 0.120932 0.106657 0.107319 0.117625 0.117797 0.109518 0.105506 0.118085 0.101828 0.101292 0.120908 0.118141 0.117165 0.119673 0.109221 0.111464 0.116529 0.110674 0.108491 0.104903 0.101322 0.110068 0.116498 0.113690 0.112924 0.101052 0.116072 0.100623 0.112170 0.123431
0.104665 0.099562 0.100541 0.100747 0.112693 0.115272 0.112900 0.092790 0.114716 0.118755 0.107319 0.103811 0.115454 0.115620 0.107347 0.103317 0.115911 0.099650 0.099114 0.118721 0.115938 0.114937 0.117501 0.107050 0.109288 0.114357 0.108497 0.106314 0.102727 0.099135 0.107884 0.114409 0.111513 0.110741 0.098307 0.113751 0.097891 0.109994 0.121254
0.115454 0.104046 0.105488 0.106474 0.123468 0.120448 0.118125 0.101199 0.125423 0.123830 0.117625 0.115454 0.119837 0.120710 0.111824 0.109371 0.120781 0.105499 0.104298 0.124456 0.123451 0.122402 0.122145 0.111516 0.114332 0.119120 0.113632 0.111474 0.107785 0.104866 0.113489 0.122879 0.116589 0.116238 0.108971 0.122616 0.108505 0.115053 0.126329
0.115618 0.104803 0.105577 0.105329 0.123632 0.116699 0.114842 0.101283 0.125585 0.113732 0.117797 0.115620 0.120710 0.096932 0.112315 0.109299 0.117797 0.105814 0.100549 0.122865 0.123608 0.122082 0.120889 0.112123 0.108974 0.119076 0.110751 0.107835 0.101309 0.103356 0.111543 0.123103 0.106360 0.114492 0.109132 0.122725 0.108665 0.108684 0.116231
0.107346 0.095932 0.097374 0.098300 0.115360 0.112144 0.109839 0.093087 0.117315 0.115427 0.109518 0.107347 0.111824 0.112315 0.101487 0.101249 0.112370 0.097398 0.095994 0.116268 0.115343 0.114270 0.112872 0.103172 0.105904 0.110981 0.105363 0.103170 0.099372 0.096678 0.105278 0.114774 0.108185 0.108032 0.100864 0.114506 0.100397 0.106641 0.117925
0.103315 0.093476 0.094340 0.094158 0.111328 0.108915 0.106528 0.088880 0.113278 0.112440 0.105506 0.103317 0.109371 0.109299 0.101249 0.087434 0.109672 0.093591 0.092753 0.112184 0.111025 0.109858 0.111340 0.100958 0.102984 0.108200 0.102161 0.099964 0.096417 0.092596 0.101376 0.110911 0.105198 0.104247 0.096825 0.110354 0.096356 0.103684 0.114939
0.115910 0.104865 0.105837 0.106102 0.123923 0.118325 0.116294 0.101603 0.125877 0.120834 0.118085 0.115911 0.120781 0.117797 0.112370 0.109672 0.101412 0.106047 0.102192 0.123899 0.123901 0.122556 0.121590 0.111894 0.111215 0.119122 0.111915 0.109351 0.104705 0.104317 0.112638 0.123373 0.113596 0.115451 0.109425 0.123036 0.108959 0.111975 0.123333
0.099649 0.089606 0.090564 0.091228 0.107662 0.105482 0.103130 0.085351 0.109616 0.108943 0.101828 0.099650 0.105499 0.105814 0.097398 0.093591 0.106047 0.087315 0.089328 0.109223 0.107363 0.106739 0.107591 0.097098 0.099466 0.104409 0.098670 0.096514 0.092909 0.089633 0.098311 0.107151 0.101702 0.101095 0.093164 0.106783 0.092697 0.100176 0.111442
0.099113 0.088391 0.089083 0.088615 0.107126 0.099140 0.097449 0.084766 0.109079 0.103723 0.101292 0.099114 0.104298 0.100549 0.095994 0.092753 0.102192 0.089328 0.081570 0.106243 0.107100 0.105501 0.105085 0.095760 0.094365 0.102649 0.093994 0.090778 0.087734 0.086648 0.094495 0.106607 0.096480 0.097576 0.092626 0.106212 0.092159 0.094991 0.106222
0.118718 0.108556 0.109287 0.106591 0.126731 0.122463 0.119981 0.104251 0.128681 0.126106 0.120908 0.118721 0.124456 0.122865 0.116268 0.112184 0.123899 0.109223 0.106243 0.115495 0.126721 0.124371 0.126007 0.115998 0.116806 0.123081 0.116034 0.113607 0.110189 0.102121 0.111957 0.126294 0.118861 0.116905 0.112227 0.125732 0.111759 0.117457 0.128605
0.115934 0.107558 0.108520 0.108740 0.123946 0.123258 0.120886 0.101464 0.125894 0.126743 0.118141 0.115938 0.123451 0.123608 0.115343 0.111025 0.123901 0.107363 0.107100 0.126721 0.120017 0.123308 0.125494 0.115046 0.117276 0.122345 0.116481 0.114299 0.110715 0.107134 0.115879 0.123724 0.119501 0.118729 0.109439 0.122940 0.108969 0.117982 0.129242
0.114928 0.106507 0.107388 0.106463 0.122938 0.121672 0.119252 0.100014 0.124878 0.125234 0.117165 0.114937 0.122402 0.122082 0.114270 0.109858 0.122556 0.106739 0.105501 0.124371 0.123308 0.090093 0.124295 0.113982 0.115797 0.121212 0.114983 0.112739 0.109223 0.104793 0.113704 0.122854 0.117992 0.116761 0.108418 0.121579 0.107944 0.116490 0.127733
0.117500 0.106251 0.107517 0.108119 0.125514 0.121228 0.119048 0.103218 0.127468 0.123944 0.119673 0.117501 0.122145 0.120889 0.112872 0.111340 0.121590 0.107591 0.105085 0.126007 0.125494 0.124295 0.101732 0.113517 0.114318 0.121076 0.114638 0.112263 0.107824 0.106423 0.114898 0.124944 0.116705 0.117672 0.111016 0.124644 0.110550 0.115109 0.126443
0.107049 0.095600 0.097077 0.098025 0.115063 0.111909 0.109598 0.092792 0.117018 0.115237 0.109221 0.107050 0.111516 0.112123 0.103172 0.100958 0.111894 0.097098 0.095760 0.115998 0.115046 0.113982 0.113517 0.101489 0.105730 0.110655 0.105109 0.102935 0.099188 0.096407 0.105015 0.114476 0.107996 0.107764 0.100567 0.114210 0.100101 0.106456 0.117736
0.109287 0.098424 0.099224 0.099109 0.117300 0.110497 0.108619 0.094959 0.119253 0.111911 0.111464 0.109288 0.114332 0.108974 0.105904 0.102984 0.111215 0.099466 0.094365 0.116806 0.117276 0.115797 0.114318 0.105730 0.101472 0.112705 0.104445 0.101579 0.095663 0.097233 0.105412 0.116766 0.104676 0.108266 0.102801 0.116399 0.102334 0.102956 0.114410
0.114356 0.103052 0.103594 0.105128 0.122370 0.118793 0.116506 0.100083 0.124325 0.122194 0.116529 0.114357 0.119120 0.119076 0.110981 0.108200 0.119122 0.104409 0.102649 0.123081 0.122345 0.121212 0.121076 0.110655 0.112705 0.087430 0.111831 0.109795 0.106149 0.103490 0.112057 0.121796 0.114953 0.114801 0.107873 0.121506 0.107407 0.113416 0.124693
0.108495 0.097723 0.098305 0.098254 0.116509 0.110094 0.107970 0.094163 0.118462 0.113878 0.110674 0.108497 0.113632 0.110751 0.105363 0.102161 0.111915 0.098670 0.093994 0.116034 0.116481 0.114983 0.114638 0.105109 0.104445 0.111831 0.099514 0.100894 0.097844 0.096441 0.104691 0.115980 0.106636 0.107357 0.102010 0.115604 0.101543 0.105104 0.116377
0.106312 0.095567 0.096244 0.095907 0.114325 0.106847 0.104934 0.091972 0.116278 0.110978 0.108491 0.106314 0.111474 0.107835 0.103170 0.099964 0.109351 0.096514 0.090778 0.113607 0.114299 0.112739 0.112263 0.102935 0.101579 0.109795 0.100894 0.097057 0.094959 0.094016 0.102111 0.113802 0.103735 0.104901 0.099826 0.113415 0.099359 0.102216 0.113477
0.102725 0.091877 0.092665 0.092517 0.110739 0.103868 0.101999 0.088396 0.112692 0.104091 0.104903 0.102727 0.107785 0.101309 0.099372 0.096417 0.104705 0.092909 0.087734 0.110189 0.110715 0.109223 0.107824 0.099188 0.095663 0.106149 0.097844 0.094959 0.086780 0.090625 0.098800 0.110206 0.096873 0.101667 0.096240 0.109836 0.095773 0.095435 0.106590
0.099132 0.088965 0.089695 0.086995 0.107145 0.102871 0.100378 0.084667 0.109095 0.106571 0.101322 0.099135 0.104866 0.103356 0.096678 0.092596 0.104317 0.089633 0.086648 0.102121 0.107134 0.104793 0.106423 0.096407 0.097233 0.103490 0.096441 0.094016 0.090625 0.081218 0.091865 0.106707 0.099327 0.097263 0.092641 0.106147 0.092173 0.097892 0.109070
0.107881 0.097588 0.098307 0.096076 0.115894 0.110880 0.108495 0.093445 0.117844 0.114753 0.110068 0.107884 0.113489 0.111543 0.105278 0.101376 0.112638 0.098311 0.094495 0.111957 0.115879 0.113704 0.114898 0.105015 0.105412 0.112057 0.104691 0.102111 0.098800 0.091865 0.081570 0.115436 0.107508 0.105893 0.101391 0.114916 0.100923 0.106064 0.117252
0.114416 0.106987 0.107983 0.108314 0.122436 0.122764 0.120397 0.100891 0.124409 0.126237 0.116498 0.114409 0.122879 0.123103 0.114774 0.110911 0.123373 0.107151 0.106607 0.126294 0.123724 0.122854 0.124944 0.114476 0.116766 0.121796 0.115980 0.113802 0.110206 0.106707 0.115436 0.119774 0.118995 0.118273 0.107968 0.122117 0.107511 0.117474 0.128735
0.111512 0.100681 0.101461 0.101261 0.119525 0.112621 0.110758 0.097179 0.121478 0.108718 0.113690 0.111513 0.116589 0.106360 0.108185 0.105198 0.113596 0.101702 0.096480 0.118861 0.119501 0.117992 0.116705 0.107996 0.104676 0.114953 0.106636 0.103735 0.096873 0.099327 0.107508 0.118995 0.099748 0.110417 0.105026 0.118620 0.104559 0.104282 0.111217
0.110739 0.100336 0.101040 0.099108 0.118752 0.113758 0.111096 0.096324 0.120703 0.117660 0.112924 0.110741 0.116238 0.114492 0.108032 0.104247 0.115451 0.101095 0.097576 0.116905 0.118729 0.116761 0.117672 0.107764 0.108266 0.114801 0.107357 0.104901 0.101667 0.097263 0.105893 0.118273 0.110417 0.105117 0.104250 0.117791 0.103782 0.108931 0.120158
0.097923 0.093079 0.094057 0.094253 0.105815 0.108785 0.106411 0.086266 0.106946 0.112268 0.101052 0.098307 0.108971 0.109132 0.100864 0.096825 0.109425 0.093164 0.092626 0.112227 0.109439 0.108418 0.111016 0.100567 0.102801 0.107873 0.102010 0.099826 0.096240 0.092641 0.101391 0.107968 0.105026 0.104250 0.088792 0.107161 0.090308 0.103507 0.114767
0.113719 0.106724 0.107686 0.107766 0.121722 0.122372 0.119990 0.099395 0.123636 0.125862 0.116072 0.113751 0.122616 0.122725 0.114506 0.110354 0.123036 0.106783 0.106212 0.125732 0.122940 0.121579 0.124644 0.114210 0.116399 0.121506 0.115604 0.113415 0.109836 0.106147 0.114916 0.122117 0.118620 0.117791 0.107161 0.103398 0.106677 0.117103 0.128361
0.097565 0.092613 0.093591 0.093785 0.105484 0.108318 0.105944 0.085790 0.107031 0.111801 0.100623 0.097891 0.108505 0.108665 0.100397 0.096356 0.108959 0.092697 0.092159 0.111759 0.108969 0.107944 0.110550 0.100101 0.102334 0.107407 0.101543 0.099359 0.095773 0.092173 0.100923 0.107511 0.104559 0.103782 0.090308 0.106677 0.089013 0.103040 0.114300
0.109992 0.099145 0.099932 0.099783 0.118006 0.111124 0.109257 0.095663 0.119959 0.111514 0.112170 0.109994 0.115053 0.108684 0.106641 0.103684 0.111975 0.100176 0.094991 0.117457 0.117982 0.116490 0.115109 0.106456 0.102956 0.113416 0.105104 0.102216 0.095435 0.097892 0.106064 0.117474 0.104282 0.108931 0.103507 0.117103 0.103040 0.101497 0.114013
0.121252 0.110421 0.111202 0.111002 0.129266 0.122363 0.120500 0.106920 0.131219 0.106321 0.123431 0.121254 0.126329 0.116231 0.117925 0.114939 0.123333 0.111442 0.106222 0.128605 0.129242 0.127733 0.126443 0.117736 0.114410 0.124693 0.116377 0.113477 0.106590 0.109070 0.117252 0.128735 0.111217 0.120158 0.114767 0.128361 0.114300 0.114013 0.092993
