0.103757 0.096932 0.102695 0.100205 0.111983 0.115220 0.114840 0.093474 0.113443 0.119129 0.107820 0.104810 0.115832 0.115692 0.109102 0.104188 0.116513 0.100280 0.100766 0.118478 0.116493 0.114717 0.117036 0.109112 0.109013 0.114555 0.107620 0.105205 0.102940 0.098359 0.107865 0.113009 0.110810 0.110635 0.097903 0.113955 0.097759 0.109064 0.121417
0.096932 0.081707 0.088619 0.087188 0.104751 0.101521 0.101149 0.082447 0.105876 0.105274 0.099508 0.096903 0.101381 0.101858 0.094629 0.091004 0.102446 0.086809 0.087075 0.105471 0.104711 0.103322 0.102694 0.094613 0.095113 0.100174 0.093807 0.091483 0.089064 0.085345 0.094755 0.102933 0.096956 0.097278 0.090226 0.103667 0.089953 0.095190 0.107563
0.102695 0.088619 0.092977 0.092920 0.110514 0.107302 0.106927 0.088201 0.111640 0.111127 0.105272 0.102667 0.107525 0.107705 0.100805 0.096737 0.108395 0.092562 0.092855 0.111212 0.110466 0.109070 0.108799 0.100813 0.100983 0.105908 0.099513 0.097264 0.094923 0.091085 0.100501 0.108708 0.102809 0.103021 0.095989 0.109423 0.095716 0.101049 0.113416
0.100205 0.087188 0.092920 0.086106 0.108022 0.104158 0.103760 0.085412 0.109143 0.108330 0.102805 0.100180 0.106092 0.104858 0.099324 0.094559 0.106044 0.090857 0.089689 0.106194 0.108146 0.106047 0.107030 0.099339 0.098292 0.104690 0.096874 0.094191 0.092180 0.086054 0.095704 0.106427 0.100009 0.098709 0.093490 0.106735 0.093214 0.098298 0.110618
0.111983 0.104751 0.110514 0.108022 0.118613 0.123038 0.122658 0.101287 0.121050 0.126947 0.115675 0.112657 0.123651 0.123510 0.116921 0.112006 0.124331 0.108099 0.108585 0.126295 0.124311 0.122530 0.124855 0.116931 0.116831 0.122374 0.115439 0.113023 0.110759 0.106176 0.115682 0.120847 0.118628 0.118453 0.105570 0.121760 0.105468 0.116882 0.129235
0.115220 0.101521 0.107302 0.104158 0.123038 0.114696 0.114599 0.100593 0.124162 0.120016 0.117807 0.115193 0.120433 0.116553 0.113569 0.109408 0.118491 0.105442 0.100453 0.122054 0.123070 0.121356 0.120694 0.113595 0.110073 0.118773 0.108799 0.105151 0.103878 0.101908 0.110917 0.121323 0.111695 0.112901 0.108510 0.121860 0.108236 0.109984 0.122305
0.114840 0.101149 0.106927 0.103760 0.122658 0.114599 0.113826 0.100211 0.123781 0.119739 0.117427 0.114813 0.120061 0.116277 0.113201 0.109028 0.118181 0.105065 0.100190 0.121667 0.122690 0.120973 0.120347 0.113226 0.109790 0.118406 0.108455 0.104848 0.103599 0.101519 0.110540 0.120944 0.111418 0.112473 0.108130 0.121479 0.107855 0.109705 0.122027
0.093474 0.082447 0.088201 0.085412 0.101287 0.100593 0.100211 0.077472 0.102398 0.104529 0.096125 0.093457 0.101348 0.101088 0.094615 0.089537 0.101950 0.085813 0.086138 0.103674 0.102039 0.099358 0.102525 0.094625 0.094423 0.100054 0.093025 0.090582 0.088346 0.083557 0.093088 0.100133 0.096210 0.095928 0.086740 0.099557 0.086457 0.094469 0.106818
0.113443 0.105876 0.111640 0.109143 0.121050 0.124162 0.123781 0.102398 0.117033 0.128071 0.116888 0.113866 0.124776 0.124634 0.118047 0.113129 0.125456 0.109225 0.109708 0.127415 0.125434 0.123642 0.125981 0.118057 0.117955 0.123499 0.116562 0.114146 0.111883 0.107297 0.116803 0.122016 0.119752 0.119575 0.105948 0.122857 0.106224 0.118006 0.130359
0.119129 0.105274 0.111127 0.108330 0.126947 0.120016 0.119739 0.104529 0.128071 0.104146 0.121714 0.119101 0.124188 0.113674 0.117253 0.113295 0.121307 0.109284 0.105585 0.126198 0.126965 0.125312 0.123908 0.117299 0.111805 0.122548 0.113100 0.109945 0.104371 0.106104 0.115227 0.125212 0.108035 0.117425 0.112420 0.125787 0.112146 0.110525 0.106435
0.107820 0.099508 0.105272 0.102805 0.115675 0.117807 0.117427 0.096125 0.116888 0.121714 0.108203 0.107694 0.118408 0.118278 0.111679 0.106779 0.119095 0.102857 0.103354 0.121079 0.119084 0.117361 0.119615 0.111688 0.111597 0.117132 0.110205 0.107792 0.105525 0.100960 0.110464 0.115376 0.113395 0.113229 0.101279 0.116670 0.101058 0.111649 0.124002
0.104810 0.096903 0.102667 0.100180 0.112657 0.115193 0.114813 0.093457 0.113866 0.119101 0.107694 0.104030 0.115803 0.115665 0.109073 0.104162 0.116485 0.100251 0.100740 0.118453 0.116465 0.114699 0.117008 0.109083 0.108985 0.114526 0.107593 0.105178 0.102913 0.098335 0.107840 0.112957 0.110782 0.110609 0.098261 0.113956 0.098049 0.109037 0.121390
0.115832 0.101381 0.107525 0.106092 0.123651 0.120433 0.120061 0.101348 0.124776 0.124188 0.118408 0.115803 0.120170 0.120771 0.113528 0.109905 0.121370 0.105709 0.105987 0.124376 0.123611 0.122223 0.121595 0.113537 0.114026 0.119256 0.112723 0.110396 0.107977 0.104250 0.113661 0.121832 0.115870 0.116186 0.109126 0.122568 0.108853 0.114104 0.126476
0.115692 0.101858 0.107705 0.104858 0.123510 0.116553 0.116277 0.101088 0.124634 0.113674 0.118278 0.115665 0.120771 0.096840 0.113843 0.109862 0.117974 0.105858 0.102116 0.122651 0.123531 0.121867 0.120537 0.113887 0.108559 0.119133 0.109674 0.106501 0.101272 0.102583 0.111710 0.121779 0.105096 0.113958 0.108983 0.122348 0.108709 0.107384 0.115962
0.109102 0.094629 0.100805 0.099324 0.116921 0.113569 0.113201 0.094615 0.118047 0.117253 0.111679 0.109073 0.113528 0.113843 0.105769 0.103178 0.114422 0.098989 0.099123 0.117596 0.116883 0.115486 0.114289 0.106603 0.107073 0.112504 0.105882 0.103529 0.101036 0.097470 0.106871 0.115105 0.108936 0.109381 0.102397 0.115835 0.102124 0.107164 0.119542
0.104188 0.091004 0.096737 0.094559 0.112006 0.109408 0.109028 0.089537 0.113129 0.113295 0.106779 0.104162 0.109905 0.109862 0.103178 0.094353 0.110647 0.094451 0.094956 0.112878 0.111867 0.110373 0.111126 0.103188 0.103171 0.108623 0.101765 0.099387 0.097102 0.092755 0.102232 0.110351 0.104976 0.104907 0.097477 0.110808 0.097202 0.103226 0.115583
0.116513 0.102446 0.108395 0.106044 0.124331 0.118491 0.118181 0.101950 0.125456 0.121307 0.119095 0.116485 0.121370 0.117974 0.114422 0.110647 0.103732 0.106578 0.104062 0.124102 0.124330 0.122759 0.121554 0.114274 0.111027 0.119625 0.111125 0.108391 0.105011 0.103975 0.113175 0.122570 0.112994 0.115427 0.109805 0.123195 0.109531 0.111142 0.123596
0.100280 0.086809 0.092562 0.090857 0.108099 0.105442 0.105065 0.085813 0.109225 0.109284 0.102857 0.100251 0.105709 0.105858 0.098989 0.094451 0.106578 0.088040 0.090993 0.109157 0.107834 0.106718 0.106978 0.098998 0.099145 0.104455 0.097752 0.095413 0.093084 0.089032 0.098474 0.106320 0.100965 0.101064 0.093575 0.107021 0.093302 0.099209 0.111572
0.100766 0.087075 0.092855 0.089689 0.108585 0.100453 0.100190 0.086138 0.109708 0.105585 0.103354 0.100740 0.105987 0.102116 0.099123 0.094956 0.104062 0.090993 0.085083 0.107564 0.108617 0.106898 0.106253 0.099150 0.095647 0.104330 0.094394 0.090773 0.089451 0.087415 0.096364 0.106871 0.097263 0.098431 0.094057 0.107405 0.093782 0.095557 0.107873
0.118478 0.105471 0.111212 0.106194 0.126295 0.122054 0.121667 0.103674 0.127415 0.126198 0.121079 0.118453 0.124376 0.122651 0.117596 0.112878 0.124102 0.109157 0.107564 0.115170 0.126430 0.124291 0.125228 0.117613 0.116253 0.122947 0.114898 0.112113 0.110113 0.100985 0.111156 0.124704 0.117873 0.116775 0.111763 0.125000 0.111486 0.116229 0.128486
0.116493 0.104711 0.110466 0.108146 0.124311 0.123070 0.122690 0.102039 0.125434 0.126965 0.119084 0.116465 0.123611 0.123531 0.116883 0.111867 0.124330 0.107834 0.108617 0.126430 0.120039 0.123113 0.124828 0.116893 0.116844 0.122336 0.115449 0.113052 0.110774 0.106310 0.115801 0.122778 0.118646 0.118529 0.109782 0.123209 0.109508 0.116898 0.129253
0.114717 0.103322 0.109070 0.106047 0.122530 0.121356 0.120973 0.099358 0.123642 0.125312 0.117361 0.114699 0.122223 0.121867 0.115486 0.110373 0.122759 0.106718 0.106898 0.124291 0.123113 0.117696 0.123375 0.115497 0.115212 0.120918 0.113815 0.111349 0.109132 0.104179 0.113729 0.121290 0.116992 0.116628 0.107985 0.120861 0.107703 0.115255 0.127600
0.117036 0.102694 0.108799 0.107030 0.124855 0.120694 0.120347 0.102525 0.125981 0.123908 0.119615 0.117008 0.121595 0.120537 0.114289 0.111126 0.121554 0.106978 0.106253 0.125228 0.124828 0.123375 0.107502 0.114681 0.113644 0.120430 0.113158 0.110642 0.107638 0.105102 0.114435 0.123056 0.115593 0.116863 0.110330 0.123753 0.110057 0.113783 0.126197
0.109112 0.094613 0.100813 0.099339 0.116931 0.113595 0.113226 0.094625 0.118057 0.117299 0.111688 0.109083 0.113537 0.113887 0.106603 0.103188 0.114274 0.098998 0.099150 0.117613 0.116893 0.115497 0.114681 0.105492 0.107126 0.112488 0.105900 0.103555 0.101083 0.097487 0.106888 0.115114 0.108981 0.109400 0.102406 0.115846 0.102133 0.107211 0.119587
0.109013 0.095113 0.100983 0.098292 0.116831 0.110073 0.109790 0.094423 0.117955 0.111805 0.111597 0.108985 0.114026 0.108559 0.107073 0.103171 0.111027 0.099145 0.095647 0.116253 0.116844 0.115212 0.113644 0.107126 0.100491 0.112400 0.103066 0.099976 0.095386 0.096130 0.105259 0.115090 0.103497 0.107418 0.102304 0.115678 0.102030 0.101554 0.114093
0.114555 0.100174 0.105908 0.104690 0.122374 0.118773 0.118406 0.100054 0.123499 0.122548 0.117132 0.114526 0.119256 0.119133 0.112504 0.108623 0.119625 0.104455 0.104330 0.122947 0.122336 0.120918 0.120430 0.112488 0.112400 0.089538 0.110784 0.108713 0.106338 0.102820 0.112203 0.120569 0.114230 0.114678 0.107849 0.121279 0.107576 0.112463 0.124836
0.107620 0.093807 0.099513 0.096874 0.115439 0.108799 0.108455 0.093025 0.116562 0.113100 0.110205 0.107593 0.112723 0.109674 0.105882 0.101765 0.111125 0.097752 0.094394 0.114898 0.115449 0.113815 0.113158 0.105900 0.103066 0.110784 0.091108 0.098488 0.096916 0.094759 0.103907 0.113700 0.104780 0.105977 0.100911 0.114282 0.100637 0.103028 0.115388
0.105205 0.091483 0.097264 0.094191 0.113023 0.105151 0.104848 0.090582 0.114146 0.109945 0.107792 0.105178 0.110396 0.106501 0.103529 0.099387 0.108391 0.095413 0.090773 0.112113 0.113052 0.111349 0.110642 0.103555 0.099976 0.108713 0.098488 0.094200 0.093788 0.091969 0.101005 0.111304 0.101624 0.102992 0.098495 0.111848 0.098221 0.099895 0.112233
0.102940 0.089064 0.094923 0.092180 0.110759 0.103878 0.103599 0.088346 0.111883 0.104371 0.105525 0.102913 0.107977 0.101272 0.101036 0.097102 0.105011 0.093084 0.089451 0.110113 0.110774 0.109132 0.107638 0.101083 0.095386 0.106338 0.096916 0.093788 0.086826 0.089996 0.099117 0.109021 0.096087 0.101277 0.096232 0.109602 0.095957 0.094412 0.106660
0.098359 0.085345 0.091085 0.086054 0.106176 0.101908 0.101519 0.083557 0.107297 0.106104 0.100960 0.098335 0.104250 0.102583 0.097470 0.092755 0.103975 0.089032 0.087415 0.100985 0.106310 0.104179 0.105102 0.097487 0.096130 0.102820 0.094759 0.091969 0.089996 0.079375 0.090418 0.104584 0.097780 0.096595 0.091644 0.104882 0.091368 0.096113 0.108392
0.107865 0.094755 0.100501 0.095704 0.115682 0.110917 0.110540 0.093088 0.116803 0.115227 0.110464 0.107840 0.113661 0.111710 0.106871 0.102232 0.113175 0.098474 0.096364 0.111156 0.115801 0.113729 0.114435 0.106888 0.105259 0.112203 0.103907 0.101005 0.099117 0.090418 0.085622 0.114073 0.106903 0.105945 0.101150 0.114405 0.100874 0.105232 0.117515
0.113009 0.102933 0.108708 0.106427 0.120847 0.121323 0.120944 0.100133 0.122016 0.125212 0.115376 0.112957 0.121832 0.121779 0.115105 0.110351 0.122570 0.106320 0.106871 0.124704 0.122778 0.121290 0.123056 0.115114 0.115090 0.120569 0.113700 0.111304 0.109021 0.104584 0.114073 0.112375 0.116894 0.116797 0.106385 0.120894 0.106136 0.115145 0.127501
0.110810 0.096956 0.102809 0.100009 0.118628 0.111695 0.111418 0.096210 0.119752 0.108035 0.113395 0.110782 0.115870 0.105096 0.108936 0.104976 0.112994 0.100965 0.097263 0.117873 0.118646 0.116992 0.115593 0.108981 0.103497 0.114230 0.104780 0.101624 0.096087 0.097780 0.106903 0.116894 0.097282 0.109104 0.104101 0.117468 0.103826 0.102220 0.110323
0.110635 0.097278 0.103021 0.098709 0.118453 0.112901 0.112473 0.095928 0.119575 0.117425 0.113229 0.110609 0.116186 0.113958 0.109381 0.104907 0.115427 0.101064 0.098431 0.116775 0.118529 0.116628 0.116863 0.109400 0.107418 0.114678 0.105977 0.102992 0.101277 0.096595 0.105945 0.116797 0.109104 0.104132 0.103923 0.117222 0.103647 0.107391 0.119714
0.097903 0.090226 0.095989 0.093490 0.105570 0.108510 0.108130 0.086740 0.105948 0.112420 0.101279 0.098261 0.109126 0.108983 0.102397 0.097477 0.109805 0.093575 0.094057 0.111763 0.109782 0.107985 0.110330 0.102406 0.102304 0.107849 0.100911 0.098495 0.096232 0.091644 0.101150 0.106385 0.104101 0.103923 0.088881 0.107193 0.090350 0.102355 0.114708
0.113955 0.103667 0.109423 0.106735 0.121760 0.121860 0.121479 0.099557 0.122857 0.125787 0.116670 0.113956 0.122568 0.122348 0.115835 0.110808 0.123195 0.107021 0.107405 0.125000 0.123209 0.120861 0.123753 0.115846 0.115678 0.121279 0.114282 0.111848 0.109602 0.104882 0.114405 0.120894 0.117468 0.117222 0.107193 0.115067 0.106901 0.115725 0.128076
0.097759 0.089953 0.095716 0.093214 0.105468 0.108236 0.107855 0.086457 0.106224 0.112146 0.101058 0.098049 0.108853 0.108709 0.102124 0.097202 0.109531 0.093302 0.093782 0.111486 0.109508 0.107703 0.110057 0.102133 0.102030 0.107576 0.100637 0.098221 0.095957 0.091368 0.100874 0.106136 0.103826 0.103647 0.090350 0.106901 0.089197 0.102081 0.114434
0.109064 0.095190 0.101049 0.098298 0.116882 0.109984 0.109705 0.094469 0.118006 0.110525 0.111649 0.109037 0.114104 0.107384 0.107164 0.103226 0.111142 0.099209 0.095557 0.116229 0.116898 0.115255 0.113783 0.107211 0.101554 0.112463 0.103028 0.099895 0.094412 0.096113 0.105232 0.115145 0.102220 0.107391 0.102355 0.115725 0.102081 0.097625 0.112814
0.121417 0.107563 0.113416 0.110618 0.129235 0.122305 0.122027 0.106818 0.130359 0.106435 0.124002 0.121390 0.126476 0.115962 0.119542 0.115583 0.123596 0.111572 0.107873 0.128486 0.129253 0.127600 0.126197 0.119587 0.114093 0.124836 0.115388 0.112233 0.106660 0.108392 0.117515 0.127501 0.110323 0.119714 0.114708 0.128076 0.114434 0.112814 0.093037
