      AMA340 0.0003 0.0002 0.7834 0.0158 0.1978 0.0026 
      AMA601 0.0005 0.0001 0.7941 0.0305 0.1710 0.0038 
      AMA656 0.0004 0.0002 0.8033 0.0258 0.1624 0.0079 
    AMANA034 0.0024 0.0006 0.8154 0.0725 0.0624 0.0467 
    AMANA137 0.0043 0.0003 0.8124 0.0627 0.0420 0.0784 
      AMZ551 0.0026 0.0091 0.7585 0.0778 0.0434 0.1086 
      AMZ610 0.0008 0.0037 0.7916 0.0835 0.0324 0.0880 
       B4615 0.0003 0.0001 0.7832 0.0063 0.2080 0.0021 
       B5082 0.0004 0.0002 0.7955 0.0248 0.1774 0.0018 
       BR033 0.0007 0.0002 0.7596 0.0034 0.0010 0.2351 
       BR036 0.0023 0.0002 0.7678 0.0360 0.0016 0.1922 
     BR36440 0.0015 0.0011 0.8064 0.0074 0.1760 0.0076 
      CAM117 0.0003 0.0002 0.7714 0.0185 0.2078 0.0018 
      CPE012 0.0549 0.2432 0.6995 0.0005 0.0004 0.0015 
      CPE025 0.0557 0.2310 0.7079 0.0016 0.0004 0.0035 
      CPE049 0.0491 0.2088 0.7367 0.0009 0.0005 0.0040 
      CPE069 0.0412 0.2450 0.7027 0.0010 0.0006 0.0095 
    CPEII008 0.0489 0.2458 0.7018 0.0006 0.0004 0.0026 
      CUJ027 0.0006 0.0002 0.7841 0.0390 0.1715 0.0046 
      CUJ072 0.0006 0.0001 0.7990 0.0231 0.1640 0.0132 
      FPR006 0.0004 0.0001 0.7695 0.1377 0.0850 0.0072 
      FPR015 0.0024 0.0003 0.7990 0.0522 0.0654 0.0807 
      FPR021 0.0003 0.0001 0.7707 0.0718 0.0586 0.0985 
    GAPTO259 0.2254 0.0386 0.7311 0.0018 0.0005 0.0025 
    GAPTO268 0.2355 0.0313 0.7302 0.0007 0.0005 0.0019 
    GAPTO277 0.1631 0.0335 0.7862 0.0015 0.0007 0.0150 
    GAPTO327 0.2212 0.0398 0.7340 0.0012 0.0006 0.0031 
      MAM010 0.0019 0.0002 0.7933 0.0549 0.0796 0.0701 
      MAR092 0.0008 0.0004 0.8092 0.0471 0.0663 0.0762 
       MF005 0.0229 0.0011 0.7607 0.0107 0.0016 0.2031 
     MPDS628 0.0019 0.0005 0.8225 0.0482 0.0455 0.0814 
      MSF107 0.0056 0.0131 0.8115 0.0214 0.0025 0.1458 
       MT087 0.0003 0.0001 0.7587 0.2279 0.0089 0.0040 
       MT123 0.0003 0.0001 0.7633 0.2327 0.0021 0.0016 
       OM022 0.0003 0.0002 0.7673 0.0405 0.1750 0.0167 
       OM112 0.0004 0.0001 0.7659 0.0462 0.1799 0.0075 
       OM172 0.0004 0.0002 0.7851 0.0347 0.1679 0.0116 
       OP100 0.0015 0.0002 0.7581 0.1588 0.0758 0.0056 
     PIME024 0.0004 0.0003 0.7774 0.0558 0.0482 0.1179 
     PIME062 0.0003 0.0001 0.7853 0.0572 0.0579 0.0991 
     PIME079 0.0004 0.0005 0.8149 0.0337 0.0741 0.0764 
     PIME134 0.0469 0.0074 0.7833 0.0018 0.0017 0.1590 
     PIME135 0.0321 0.0027 0.7741 0.0011 0.0010 0.1892 
     PIME169 0.0006 0.0001 0.7902 0.0584 0.0597 0.0908 
     PIME460 0.0006 0.0002 0.7811 0.0859 0.0690 0.0632 
     PIME482 0.0078 0.0010 0.7915 0.0045 0.0018 0.1934 
     PIME521 0.0264 0.0007 0.8009 0.0068 0.0030 0.1622 
     PIME522 0.0032 0.0009 0.7817 0.0070 0.0029 0.2043 
    PPBIO221 0.0549 0.0284 0.7976 0.0017 0.0011 0.1163 
    PPBIO305 0.0378 0.0354 0.7823 0.0021 0.0008 0.1415 
      PPS041 0.0013 0.0003 0.7961 0.1498 0.0180 0.0345 
      PPS174 0.0003 0.0004 0.8051 0.0096 0.0007 0.1840 
      PPS221 0.0007 0.0002 0.8087 0.1626 0.0153 0.0125 
      PPS352 0.0047 0.0016 0.8054 0.1369 0.0245 0.0268 
      PUC008 0.0003 0.0001 0.7840 0.0119 0.1678 0.0358 
      RDO007 0.0899 0.0614 0.7610 0.0061 0.0007 0.0809 
      TLP025 0.0005 0.0002 0.7877 0.0523 0.0046 0.1547 
      TLP123 0.0003 0.0001 0.7738 0.0911 0.0019 0.1327 
    UFAC1007 0.0005 0.0004 0.8114 0.0117 0.1713 0.0047 
     UFAC305 0.0002 0.0001 0.7868 0.0431 0.1652 0.0045 
     UFAC476 0.0004 0.0001 0.8117 0.0113 0.1741 0.0024 
      UHE442 0.0549 0.0230 0.7500 0.0039 0.0050 0.1633 
      UNA002 0.0231 0.2611 0.7139 0.0004 0.0004 0.0010 
      UNA018 0.0177 0.2764 0.7042 0.0005 0.0003 0.0010 
      UNA088 0.0315 0.2291 0.7331 0.0013 0.0008 0.0043 
      UNA110 0.0246 0.2682 0.7058 0.0004 0.0003 0.0008 
      UNA124 0.0130 0.2511 0.7324 0.0010 0.0005 0.0019 
       WM281 0.0157 0.0074 0.8016 0.0173 0.0059 0.1522 
       WM293 0.0382 0.0016 0.7658 0.0019 0.0015 0.1910 
