      AMA340 0.0002 0.7824 0.0036 0.0013 0.1723 0.0399 0.0003 
      AMA601 0.0001 0.7929 0.0062 0.0051 0.1480 0.0471 0.0006 
      AMA656 0.0002 0.8023 0.0125 0.0022 0.1401 0.0422 0.0005 
    AMANA034 0.0005 0.8141 0.0657 0.0119 0.0390 0.0666 0.0022 
    AMANA137 0.0003 0.8118 0.0794 0.0048 0.0147 0.0852 0.0039 
      AMZ551 0.0076 0.7577 0.1208 0.0334 0.0300 0.0477 0.0030 
      AMZ610 0.0033 0.7911 0.0962 0.0405 0.0232 0.0449 0.0009 
       B4615 0.0002 0.7819 0.0032 0.0007 0.1855 0.0282 0.0003 
       B5082 0.0002 0.7945 0.0029 0.0070 0.1556 0.0393 0.0005 
       BR033 0.0002 0.7585 0.2373 0.0009 0.0008 0.0016 0.0007 
       BR036 0.0002 0.7668 0.2047 0.0176 0.0011 0.0077 0.0021 
     BR36440 0.0010 0.8048 0.0077 0.0011 0.1115 0.0723 0.0016 
      CAM117 0.0002 0.7702 0.0030 0.0091 0.1940 0.0230 0.0003 
      CPE012 0.2307 0.6996 0.0019 0.0002 0.0004 0.0006 0.0668 
      CPE025 0.2184 0.7080 0.0045 0.0006 0.0003 0.0012 0.0671 
      CPE049 0.1973 0.7368 0.0048 0.0004 0.0005 0.0009 0.0594 
      CPE069 0.2330 0.7028 0.0115 0.0004 0.0007 0.0008 0.0508 
    CPEII008 0.2338 0.7021 0.0031 0.0003 0.0004 0.0006 0.0597 
      CUJ027 0.0002 0.7830 0.0050 0.0026 0.1355 0.0732 0.0006 
      CUJ072 0.0001 0.7978 0.0150 0.0014 0.1368 0.0483 0.0005 
      FPR006 0.0001 0.7669 0.0018 0.0005 0.0023 0.2281 0.0003 
      FPR015 0.0003 0.7979 0.0808 0.0019 0.0319 0.0845 0.0026 
      FPR021 0.0001 0.7696 0.0880 0.0051 0.0171 0.1198 0.0004 
    GAPTO259 0.0329 0.7309 0.0038 0.0013 0.0005 0.0008 0.2298 
    GAPTO268 0.0265 0.7301 0.0021 0.0002 0.0004 0.0009 0.2398 
    GAPTO277 0.0289 0.7859 0.0158 0.0004 0.0005 0.0019 0.1665 
    GAPTO327 0.0344 0.7340 0.0036 0.0004 0.0005 0.0018 0.2253 
      MAM010 0.0002 0.7922 0.0687 0.0065 0.0449 0.0854 0.0021 
      MAR092 0.0004 0.8082 0.0773 0.0025 0.0385 0.0724 0.0008 
       MF005 0.0008 0.7596 0.2060 0.0015 0.0009 0.0080 0.0231 
     MPDS628 0.0005 0.8214 0.0684 0.0008 0.0121 0.0942 0.0025 
      MSF107 0.0122 0.8107 0.1428 0.0201 0.0022 0.0055 0.0065 
       MT087 0.0001 0.7583 0.0096 0.1486 0.0144 0.0686 0.0004 
       MT123 0.0001 0.7631 0.0047 0.1787 0.0123 0.0408 0.0003 
       OM022 0.0002 0.7661 0.0118 0.0016 0.1149 0.1052 0.0003 
       OM112 0.0001 0.7644 0.0031 0.0005 0.0936 0.1380 0.0003 
       OM172 0.0002 0.7839 0.0074 0.0007 0.1136 0.0937 0.0004 
       OP100 0.0002 0.7571 0.0080 0.0654 0.0479 0.1196 0.0018 
     PIME024 0.0003 0.7764 0.1092 0.0020 0.0127 0.0990 0.0004 
     PIME062 0.0001 0.7843 0.1044 0.0071 0.0331 0.0706 0.0003 
     PIME079 0.0005 0.8140 0.0758 0.0024 0.0486 0.0583 0.0004 
     PIME134 0.0059 0.7825 0.1597 0.0004 0.0013 0.0020 0.0483 
     PIME135 0.0020 0.7733 0.1888 0.0003 0.0008 0.0013 0.0336 
     PIME169 0.0001 0.7892 0.0906 0.0048 0.0301 0.0845 0.0007 
     PIME460 0.0002 0.7800 0.0529 0.0053 0.0186 0.1424 0.0006 
     PIME482 0.0009 0.7906 0.1930 0.0009 0.0010 0.0057 0.0079 
     PIME521 0.0006 0.8001 0.1639 0.0036 0.0028 0.0029 0.0260 
     PIME522 0.0008 0.7809 0.2071 0.0014 0.0018 0.0050 0.0031 
    PPBIO221 0.0252 0.7970 0.1170 0.0006 0.0008 0.0018 0.0575 
    PPBIO305 0.0331 0.7817 0.1430 0.0009 0.0007 0.0015 0.0391 
      PPS041 0.0003 0.7952 0.0511 0.0863 0.0195 0.0464 0.0013 
      PPS174 0.0004 0.8044 0.1783 0.0147 0.0006 0.0014 0.0003 
      PPS221 0.0003 0.8085 0.0315 0.1145 0.0321 0.0125 0.0007 
      PPS352 0.0015 0.8047 0.0366 0.0623 0.0130 0.0769 0.0052 
      PUC008 0.0002 0.7830 0.0323 0.0007 0.1341 0.0494 0.0003 
      RDO007 0.0565 0.7605 0.0817 0.0010 0.0005 0.0052 0.0945 
      TLP025 0.0002 0.7868 0.1665 0.0359 0.0057 0.0044 0.0005 
      TLP123 0.0001 0.7731 0.1496 0.0535 0.0019 0.0215 0.0003 
    UFAC1007 0.0005 0.8106 0.0066 0.0016 0.1506 0.0295 0.0006 
     UFAC305 0.0001 0.7856 0.0046 0.0014 0.1284 0.0796 0.0002 
     UFAC476 0.0001 0.8107 0.0027 0.0008 0.1421 0.0432 0.0004 
      UHE442 0.0197 0.7492 0.1662 0.0009 0.0037 0.0030 0.0573 
      UNA002 0.2533 0.7143 0.0013 0.0002 0.0004 0.0005 0.0300 
      UNA018 0.2684 0.7047 0.0012 0.0002 0.0003 0.0004 0.0248 
      UNA088 0.2198 0.7331 0.0049 0.0005 0.0005 0.0028 0.0385 
      UNA110 0.2609 0.7063 0.0010 0.0002 0.0003 0.0005 0.0308 
      UNA124 0.2429 0.7327 0.0024 0.0004 0.0005 0.0012 0.0199 
       WM281 0.0062 0.8007 0.1512 0.0021 0.0036 0.0188 0.0173 
       WM293 0.0012 0.7650 0.1896 0.0003 0.0010 0.0040 0.0389 
