      AMA340 0.0002 0.2049 0.0025 0.7826 0.0002 0.0096 
      AMA601 0.0001 0.1791 0.0039 0.7932 0.0004 0.0233 
      AMA656 0.0002 0.1707 0.0084 0.8024 0.0004 0.0179 
    AMANA034 0.0006 0.0687 0.0493 0.8144 0.0022 0.0648 
    AMANA137 0.0003 0.0484 0.0820 0.8113 0.0044 0.0536 
      AMZ551 0.0089 0.0475 0.1114 0.7574 0.0021 0.0726 
      AMZ610 0.0036 0.0380 0.0894 0.7906 0.0007 0.0777 
       B4615 0.0001 0.2119 0.0020 0.7823 0.0003 0.0034 
       B5082 0.0002 0.1847 0.0019 0.7945 0.0003 0.0184 
       BR033 0.0002 0.0011 0.2364 0.7586 0.0007 0.0031 
       BR036 0.0002 0.0018 0.1954 0.7667 0.0026 0.0334 
     BR36440 0.0011 0.1793 0.0076 0.8054 0.0014 0.0053 
      CAM117 0.0002 0.2143 0.0017 0.7704 0.0003 0.0131 
      CPE012 0.2550 0.0004 0.0015 0.6983 0.0443 0.0004 
      CPE025 0.2429 0.0004 0.0035 0.7068 0.0451 0.0012 
      CPE049 0.2200 0.0005 0.0037 0.7356 0.0394 0.0008 
      CPE069 0.2558 0.0007 0.0087 0.7016 0.0324 0.0009 
    CPEII008 0.2573 0.0004 0.0024 0.7006 0.0388 0.0005 
      CUJ027 0.0002 0.1810 0.0049 0.7833 0.0006 0.0301 
      CUJ072 0.0001 0.1717 0.0139 0.7981 0.0005 0.0157 
      FPR006 0.0001 0.0993 0.0123 0.7684 0.0004 0.1195 
      FPR015 0.0003 0.0715 0.0846 0.7980 0.0022 0.0434 
      FPR021 0.0001 0.0655 0.1027 0.7696 0.0003 0.0617 
    GAPTO259 0.0463 0.0006 0.0034 0.7302 0.2175 0.0020 
    GAPTO268 0.0389 0.0005 0.0023 0.7293 0.2282 0.0007 
    GAPTO277 0.0397 0.0008 0.0174 0.7854 0.1553 0.0014 
    GAPTO327 0.0474 0.0007 0.0039 0.7333 0.2135 0.0012 
      MAM010 0.0002 0.0856 0.0732 0.7924 0.0016 0.0469 
      MAR092 0.0004 0.0725 0.0797 0.8082 0.0007 0.0385 
       MF005 0.0012 0.0018 0.2065 0.7596 0.0223 0.0086 
     MPDS628 0.0005 0.0519 0.0855 0.8216 0.0017 0.0388 
      MSF107 0.0139 0.0028 0.1457 0.8104 0.0048 0.0224 
       MT087 0.0001 0.0147 0.0045 0.7576 0.0003 0.2227 
       MT123 0.0001 0.0032 0.0017 0.7621 0.0002 0.2326 
       OM022 0.0002 0.1836 0.0184 0.7664 0.0003 0.0311 
       OM112 0.0001 0.1917 0.0094 0.7650 0.0003 0.0334 
       OM172 0.0002 0.1775 0.0137 0.7842 0.0004 0.0240 
       OP100 0.0002 0.0865 0.0067 0.7569 0.0015 0.1482 
     PIME024 0.0003 0.0533 0.1227 0.7763 0.0004 0.0470 
     PIME062 0.0001 0.0629 0.1031 0.7843 0.0003 0.0493 
     PIME079 0.0005 0.0790 0.0791 0.8139 0.0003 0.0270 
     PIME134 0.0093 0.0017 0.1604 0.7825 0.0446 0.0015 
     PIME135 0.0036 0.0010 0.1914 0.7732 0.0299 0.0009 
     PIME169 0.0001 0.0662 0.0944 0.7893 0.0006 0.0494 
     PIME460 0.0002 0.0778 0.0667 0.7800 0.0005 0.0749 
     PIME482 0.0012 0.0019 0.1954 0.7906 0.0072 0.0037 
     PIME521 0.0008 0.0030 0.1640 0.7999 0.0261 0.0062 
     PIME522 0.0010 0.0032 0.2068 0.7808 0.0027 0.0056 
    PPBIO221 0.0317 0.0011 0.1179 0.7966 0.0511 0.0016 
    PPBIO305 0.0381 0.0008 0.1421 0.7814 0.0355 0.0021 
      PPS041 0.0003 0.0242 0.0343 0.7950 0.0012 0.1450 
      PPS174 0.0004 0.0007 0.1843 0.8042 0.0003 0.0100 
      PPS221 0.0002 0.0202 0.0121 0.8076 0.0006 0.1591 
      PPS352 0.0015 0.0314 0.0287 0.8047 0.0043 0.1293 
      PUC008 0.0001 0.1746 0.0348 0.7831 0.0003 0.0070 
      RDO007 0.0668 0.0008 0.0842 0.7600 0.0832 0.0050 
      TLP025 0.0002 0.0050 0.1567 0.7868 0.0005 0.0509 
      TLP123 0.0001 0.0024 0.1363 0.7728 0.0003 0.0881 
    UFAC1007 0.0004 0.1770 0.0045 0.8105 0.0004 0.0072 
     UFAC305 0.0001 0.1759 0.0051 0.7859 0.0002 0.0327 
     UFAC476 0.0001 0.1802 0.0023 0.8108 0.0003 0.0062 
      UHE442 0.0258 0.0050 0.1662 0.7490 0.0510 0.0030 
      UNA002 0.2686 0.0004 0.0009 0.7124 0.0174 0.0004 
      UNA018 0.2846 0.0003 0.0009 0.7028 0.0110 0.0004 
      UNA088 0.2379 0.0008 0.0041 0.7320 0.0242 0.0011 
      UNA110 0.2753 0.0003 0.0007 0.7043 0.0191 0.0003 
      UNA124 0.2591 0.0005 0.0018 0.7311 0.0066 0.0008 
       WM281 0.0087 0.0069 0.1572 0.8007 0.0127 0.0139 
       WM293 0.0019 0.0016 0.1938 0.7649 0.0364 0.0016 
