0.103735 0.096582 0.102633 0.100200 0.111979 0.115104 0.114191 0.093479 0.113263 0.118972 0.108451 0.104652 0.115895 0.115405 0.109347 0.103677 0.115670 0.100184 0.099965 0.118849 0.116427 0.114850 0.116875 0.108633 0.109301 0.113998 0.107232 0.104916 0.102809 0.098795 0.107546 0.112895 0.111011 0.110995 0.097734 0.113844 0.097701 0.108877 0.121261
0.096582 0.081701 0.088046 0.086955 0.104410 0.101165 0.100272 0.082238 0.105402 0.104861 0.099709 0.096360 0.101254 0.101315 0.094691 0.090527 0.101311 0.086755 0.086035 0.105599 0.104438 0.103245 0.102320 0.093915 0.095158 0.099313 0.093066 0.090938 0.088679 0.085539 0.094202 0.102376 0.096902 0.097456 0.089791 0.103184 0.089629 0.094751 0.107151
0.102633 0.088046 0.093384 0.092983 0.110461 0.107188 0.106294 0.088285 0.111453 0.110913 0.105761 0.102412 0.107440 0.107365 0.100894 0.096568 0.107423 0.092806 0.092059 0.111627 0.110487 0.109289 0.108497 0.100144 0.101214 0.105353 0.099028 0.096959 0.094733 0.091567 0.100228 0.108432 0.102953 0.103474 0.095842 0.109232 0.095680 0.100804 0.113202
0.100200 0.086955 0.092983 0.086472 0.108025 0.104083 0.103132 0.085567 0.109012 0.108270 0.103354 0.099984 0.106284 0.104665 0.099678 0.094073 0.105388 0.090970 0.088930 0.106656 0.108151 0.106278 0.107023 0.098977 0.098659 0.104365 0.096682 0.093978 0.092141 0.086572 0.095437 0.106229 0.100307 0.099054 0.093398 0.106592 0.093232 0.098204 0.110559
0.111979 0.104410 0.110461 0.108025 0.118590 0.122931 0.122018 0.101300 0.120880 0.126799 0.116308 0.112502 0.123723 0.123232 0.117176 0.111503 0.123498 0.108011 0.107792 0.126675 0.124254 0.122671 0.124703 0.116461 0.117128 0.121826 0.115059 0.112743 0.110636 0.106621 0.115372 0.120736 0.118838 0.118821 0.105386 0.121659 0.105398 0.116704 0.129088
0.115104 0.101165 0.107188 0.104083 0.122931 0.114256 0.113993 0.100620 0.123921 0.119998 0.118243 0.114885 0.120508 0.116387 0.113768 0.109001 0.118034 0.105564 0.099698 0.122332 0.123004 0.121488 0.120690 0.113112 0.110446 0.118577 0.108981 0.105044 0.103887 0.102264 0.110559 0.121012 0.112032 0.113340 0.108308 0.121603 0.108144 0.109938 0.122287
0.114191 0.100272 0.106294 0.103132 0.122018 0.113993 0.112306 0.099703 0.123008 0.119237 0.117331 0.113972 0.119615 0.115629 0.112881 0.108087 0.117224 0.104659 0.098957 0.121390 0.122092 0.120568 0.119819 0.112223 0.109680 0.117683 0.108133 0.104250 0.103124 0.101319 0.109631 0.120102 0.111272 0.112341 0.107395 0.120688 0.107231 0.109176 0.121527
0.093479 0.082238 0.088285 0.085567 0.101300 0.100620 0.099703 0.077727 0.102277 0.104518 0.096684 0.093273 0.101554 0.100947 0.095001 0.089135 0.101259 0.085829 0.085480 0.104210 0.102042 0.099679 0.102509 0.094287 0.094854 0.099653 0.092794 0.090440 0.088359 0.084158 0.092928 0.099961 0.096557 0.096426 0.086659 0.099446 0.086484 0.094427 0.106808
0.113263 0.105402 0.111453 0.109012 0.120880 0.123921 0.123008 0.102277 0.120608 0.127789 0.117374 0.113569 0.124715 0.124222 0.118168 0.112492 0.124489 0.109003 0.108782 0.127661 0.125243 0.123649 0.125695 0.117454 0.118119 0.122819 0.116050 0.113733 0.111626 0.107607 0.116359 0.121761 0.119829 0.119809 0.105571 0.122620 0.105957 0.117695 0.130079
0.118972 0.104861 0.110913 0.108270 0.126799 0.119998 0.119237 0.104518 0.127789 0.104177 0.122108 0.118752 0.124201 0.113630 0.117351 0.112878 0.120715 0.109365 0.104852 0.126499 0.126861 0.125419 0.123893 0.116752 0.112034 0.122285 0.113028 0.109743 0.104262 0.106487 0.114903 0.124854 0.108360 0.117906 0.112176 0.125493 0.112013 0.110289 0.106467
0.108451 0.099709 0.105761 0.103354 0.116308 0.118243 0.117331 0.096684 0.117374 0.122108 0.109835 0.108124 0.119022 0.118542 0.112475 0.106824 0.118803 0.103316 0.103105 0.122003 0.119578 0.118047 0.120005 0.111761 0.112437 0.117125 0.110367 0.108055 0.105945 0.101949 0.110698 0.115896 0.114148 0.114141 0.101795 0.117106 0.101681 0.112014 0.124398
0.104652 0.096360 0.102412 0.099984 0.112502 0.114885 0.113972 0.093273 0.113569 0.118752 0.108124 0.103435 0.115673 0.115186 0.109126 0.103460 0.115450 0.099963 0.099747 0.118633 0.116209 0.114643 0.116654 0.108412 0.109082 0.113777 0.107012 0.104697 0.102589 0.098579 0.107330 0.112657 0.110792 0.110777 0.097994 0.113658 0.097890 0.108658 0.121042
0.115895 0.101254 0.107440 0.106284 0.123723 0.120508 0.119615 0.101554 0.124715 0.124201 0.119022 0.115673 0.120284 0.120655 0.113934 0.109845 0.120659 0.106069 0.105378 0.124929 0.123752 0.122563 0.121576 0.113247 0.114497 0.118742 0.112426 0.110282 0.108019 0.104869 0.113533 0.121686 0.116242 0.116791 0.109104 0.122499 0.108942 0.114090 0.126491
0.115405 0.101315 0.107365 0.104665 0.123232 0.116387 0.115629 0.100947 0.124222 0.113630 0.118542 0.115186 0.120655 0.096595 0.113813 0.109311 0.117254 0.105807 0.101229 0.122817 0.123296 0.121843 0.120390 0.113210 0.108668 0.118738 0.109480 0.106164 0.101073 0.102834 0.111255 0.121291 0.105466 0.114302 0.108610 0.121924 0.108446 0.107042 0.115920
0.109347 0.094691 0.100894 0.099678 0.117176 0.113768 0.112881 0.095001 0.118168 0.117351 0.112475 0.109126 0.113934 0.113813 0.104735 0.103296 0.113843 0.099533 0.098638 0.118304 0.117207 0.116002 0.113556 0.106498 0.107624 0.112192 0.105736 0.103538 0.101157 0.098245 0.106896 0.115144 0.109392 0.110135 0.102556 0.115947 0.102394 0.107233 0.119640
0.103677 0.090527 0.096568 0.094073 0.111503 0.109001 0.108087 0.089135 0.112492 0.112878 0.106824 0.103460 0.109845 0.109311 0.103296 0.092873 0.109589 0.094106 0.093864 0.112786 0.111367 0.110077 0.110819 0.102580 0.103209 0.107939 0.101131 0.098814 0.096715 0.092728 0.101469 0.109681 0.104918 0.104870 0.096878 0.110135 0.096713 0.102784 0.115168
0.115670 0.101311 0.107423 0.105388 0.123498 0.118034 0.117224 0.101259 0.124489 0.120715 0.118803 0.115450 0.120659 0.117254 0.113843 0.109589 0.104028 0.105977 0.102908 0.123825 0.123545 0.122204 0.120844 0.112940 0.110882 0.118763 0.110486 0.107747 0.104450 0.103774 0.112278 0.121518 0.112760 0.115346 0.108877 0.122223 0.108714 0.110533 0.123004
0.100184 0.086755 0.092806 0.090970 0.108011 0.105564 0.104659 0.085829 0.109003 0.109365 0.103316 0.099963 0.106069 0.105807 0.099533 0.094106 0.105977 0.087995 0.090430 0.109644 0.107717 0.106888 0.107103 0.098814 0.099681 0.104170 0.097585 0.095358 0.093194 0.089585 0.098291 0.106056 0.101405 0.101623 0.093391 0.106772 0.093229 0.099264 0.111655
0.099965 0.086035 0.092059 0.088930 0.107792 0.099698 0.098957 0.085480 0.108782 0.104852 0.103105 0.099747 0.105378 0.101229 0.098638 0.093864 0.102908 0.090430 0.083388 0.107150 0.107866 0.106345 0.105562 0.097982 0.095317 0.103447 0.093896 0.090008 0.088753 0.087081 0.095303 0.105876 0.096885 0.098188 0.093169 0.106464 0.093005 0.094803 0.107142
0.118849 0.105599 0.111627 0.106656 0.126675 0.122332 0.121390 0.104210 0.127661 0.126499 0.122003 0.118633 0.124929 0.122817 0.118304 0.112786 0.123825 0.109644 0.107150 0.115121 0.126813 0.124904 0.125591 0.117611 0.116972 0.123009 0.115101 0.112264 0.110433 0.101832 0.111551 0.124883 0.118533 0.117386 0.112047 0.125236 0.111881 0.116494 0.128788
0.116427 0.104438 0.110487 0.108151 0.124254 0.123004 0.122092 0.102042 0.125243 0.126861 0.119578 0.116209 0.123752 0.123296 0.117207 0.111367 0.123545 0.107717 0.107866 0.126813 0.120136 0.123246 0.124741 0.116491 0.117189 0.121853 0.115112 0.112814 0.110697 0.106757 0.115499 0.122563 0.118901 0.118924 0.109630 0.122968 0.109467 0.116766 0.129151
0.114850 0.103245 0.109289 0.106278 0.122671 0.121488 0.120568 0.099679 0.123649 0.125419 0.118047 0.114643 0.122563 0.121843 0.116002 0.110077 0.122204 0.106888 0.106345 0.124904 0.123246 0.118373 0.123497 0.115291 0.115761 0.120659 0.113708 0.111316 0.109263 0.104855 0.113645 0.121247 0.117458 0.117203 0.108031 0.120860 0.107857 0.115331 0.127708
0.116875 0.102320 0.108497 0.107023 0.124703 0.120690 0.119819 0.102509 0.125695 0.123893 0.120005 0.116654 0.121576 0.120390 0.113556 0.110819 0.120844 0.107103 0.105562 0.125591 0.124741 0.123497 0.106418 0.114144 0.114092 0.119808 0.112851 0.110449 0.107657 0.105535 0.114145 0.122688 0.115936 0.117333 0.110083 0.123461 0.109921 0.113746 0.126182
0.108633 0.093915 0.100144 0.098977 0.116461 0.113112 0.112223 0.094287 0.117454 0.116752 0.111761 0.108412 0.113247 0.113210 0.106498 0.102580 0.112940 0.098814 0.097982 0.117611 0.116491 0.115291 0.114144 0.104241 0.107038 0.111431 0.105047 0.102881 0.100564 0.097551 0.106207 0.114429 0.108793 0.109451 0.101842 0.115234 0.101680 0.106637 0.119041
0.109301 0.095158 0.101214 0.098659 0.117128 0.110446 0.109680 0.094854 0.118119 0.112034 0.112437 0.109082 0.114497 0.108668 0.107624 0.103209 0.110882 0.099681 0.095317 0.116972 0.117189 0.115761 0.114092 0.107038 0.101421 0.112584 0.103376 0.100156 0.095655 0.096929 0.105346 0.115179 0.104087 0.108311 0.102506 0.115828 0.102343 0.101779 0.114323
0.113998 0.099313 0.105353 0.104365 0.121826 0.118577 0.117683 0.099653 0.122819 0.122285 0.117125 0.113777 0.118742 0.118738 0.112192 0.107939 0.118763 0.104170 0.103447 0.123009 0.121853 0.120659 0.119808 0.111431 0.112584 0.116500 0.110457 0.108349 0.106104 0.102949 0.111612 0.119794 0.114326 0.114864 0.107207 0.120599 0.107045 0.112175 0.124575
0.107232 0.093066 0.099028 0.096682 0.115059 0.108981 0.108133 0.092794 0.116050 0.113028 0.110367 0.107012 0.112426 0.109480 0.105736 0.101131 0.110486 0.097585 0.093896 0.115101 0.115112 0.113708 0.112851 0.105047 0.103376 0.110457 0.093613 0.098504 0.096858 0.095037 0.103500 0.113100 0.105067 0.106446 0.100437 0.113765 0.100274 0.102921 0.115317
0.104916 0.090938 0.096959 0.093978 0.112743 0.105044 0.104250 0.090440 0.113733 0.109743 0.108055 0.104697 0.110282 0.106164 0.103538 0.098814 0.107747 0.095358 0.090008 0.112264 0.112814 0.111316 0.110449 0.102881 0.100156 0.108349 0.098504 0.093576 0.093607 0.092198 0.100541 0.110818 0.101780 0.103337 0.098120 0.111421 0.097956 0.099662 0.112033
0.102809 0.088679 0.094733 0.092141 0.110636 0.103887 0.103124 0.088359 0.111626 0.104262 0.105945 0.102589 0.108019 0.101073 0.101157 0.096715 0.104450 0.093194 0.088753 0.110433 0.110697 0.109263 0.107657 0.100564 0.095655 0.106104 0.096858 0.093607 0.086791 0.090397 0.098811 0.108688 0.096346 0.101782 0.096013 0.109333 0.095850 0.094336 0.106551
0.098795 0.085539 0.091567 0.086572 0.106621 0.102264 0.101319 0.084158 0.107607 0.106487 0.101949 0.098579 0.104869 0.102834 0.098245 0.092728 0.103774 0.089585 0.087081 0.101832 0.106757 0.104855 0.105535 0.097551 0.096929 0.102949 0.095037 0.092198 0.090397 0.080208 0.090911 0.104827 0.098522 0.097254 0.091993 0.105183 0.091827 0.096458 0.108776
0.107546 0.094202 0.100228 0.095437 0.115372 0.110559 0.109631 0.092928 0.116359 0.114903 0.110698 0.107330 0.113533 0.111255 0.106896 0.101469 0.112278 0.098291 0.095303 0.111551 0.115499 0.113645 0.114145 0.106207 0.105346 0.111612 0.103500 0.100541 0.098811 0.090911 0.083538 0.113562 0.106938 0.105817 0.100745 0.113948 0.100579 0.104870 0.117193
0.112895 0.102376 0.108432 0.106229 0.120736 0.121012 0.120102 0.099961 0.121761 0.124854 0.115896 0.112657 0.121686 0.121291 0.115144 0.109681 0.121518 0.106056 0.105876 0.124883 0.122563 0.121247 0.122688 0.114429 0.115179 0.119794 0.113100 0.110818 0.108688 0.104827 0.113562 0.113015 0.116894 0.116972 0.106164 0.120558 0.106024 0.114757 0.127144
0.111011 0.096902 0.102953 0.100307 0.118838 0.112032 0.111272 0.096557 0.119829 0.108360 0.114148 0.110792 0.116242 0.105466 0.109392 0.104918 0.112760 0.101405 0.096885 0.118533 0.118901 0.117458 0.115936 0.108793 0.104087 0.114326 0.105067 0.101780 0.096346 0.098522 0.106938 0.116894 0.098227 0.109943 0.104216 0.117533 0.104052 0.102337 0.110650
0.110995 0.097456 0.103474 0.099054 0.118821 0.113340 0.112341 0.096426 0.119809 0.117906 0.114141 0.110777 0.116791 0.114302 0.110135 0.104870 0.115346 0.101623 0.098188 0.117386 0.118924 0.117203 0.117333 0.109451 0.108311 0.114864 0.106446 0.103337 0.101782 0.097254 0.105817 0.116972 0.109943 0.105724 0.104195 0.117432 0.104030 0.107841 0.120196
0.097734 0.089791 0.095842 0.093398 0.105386 0.108308 0.107395 0.086659 0.105571 0.112176 0.101795 0.097994 0.109104 0.108610 0.102556 0.096878 0.108877 0.093391 0.093169 0.112047 0.109630 0.108031 0.110083 0.101842 0.102506 0.107207 0.100437 0.098120 0.096013 0.091993 0.100745 0.106164 0.104216 0.104195 0.088657 0.106994 0.090114 0.102082 0.114466
0.113844 0.103184 0.109232 0.106592 0.121659 0.121603 0.120688 0.099446 0.122620 0.125493 0.117106 0.113658 0.122499 0.121924 0.115947 0.110135 0.122223 0.106772 0.106464 0.125236 0.122968 0.120860 0.123461 0.115234 0.115828 0.120599 0.113765 0.111421 0.109333 0.105183 0.113948 0.120558 0.117533 0.117432 0.106994 0.111175 0.106806 0.115402 0.127783
0.097701 0.089629 0.095680 0.093232 0.105398 0.108144 0.107231 0.086484 0.105957 0.112013 0.101681 0.097890 0.108942 0.108446 0.102394 0.096713 0.108714 0.093229 0.093005 0.111881 0.109467 0.107857 0.109921 0.101680 0.102343 0.107045 0.100274 0.097956 0.095850 0.091827 0.100579 0.106024 0.104052 0.104030 0.090114 0.106806 0.088983 0.101919 0.114302
0.108877 0.094751 0.100804 0.098204 0.116704 0.109938 0.109176 0.094427 0.117695 0.110289 0.112014 0.108658 0.114090 0.107042 0.107233 0.102784 0.110533 0.099264 0.094803 0.116494 0.116766 0.115331 0.113746 0.106637 0.101779 0.112175 0.102921 0.099662 0.094336 0.096458 0.104870 0.114757 0.102337 0.107841 0.102082 0.115402 0.101919 0.095050 0.112579
0.121261 0.107151 0.113202 0.110559 0.129088 0.122287 0.121527 0.106808 0.130079 0.106467 0.124398 0.121042 0.126491 0.115920 0.119640 0.115168 0.123004 0.111655 0.107142 0.128788 0.129151 0.127708 0.126182 0.119041 0.114323 0.124575 0.115317 0.112033 0.106551 0.108776 0.117193 0.127144 0.110650 0.120196 0.114466 0.127783 0.114302 0.112579 0.092786
