      AMA340 0.2050 0.0032 0.7840 0.0045 0.0002 0.0028 0.0002 
      AMA601 0.1792 0.0039 0.7948 0.0157 0.0005 0.0059 0.0001 
      AMA656 0.1696 0.0040 0.8041 0.0091 0.0003 0.0126 0.0002 
    AMANA034 0.0585 0.0202 0.8160 0.0356 0.0018 0.0673 0.0006 
    AMANA137 0.0352 0.0359 0.8133 0.0223 0.0041 0.0889 0.0003 
      AMZ551 0.0441 0.0109 0.7595 0.0572 0.0019 0.1177 0.0087 
      AMZ610 0.0359 0.0086 0.7929 0.0636 0.0006 0.0953 0.0031 
       B4615 0.2083 0.0038 0.7837 0.0017 0.0002 0.0022 0.0001 
       B5082 0.1850 0.0017 0.7962 0.0144 0.0003 0.0023 0.0002 
       BR033 0.0011 0.0005 0.7607 0.0021 0.0007 0.2345 0.0003 
       BR036 0.0017 0.0026 0.7690 0.0231 0.0025 0.2009 0.0002 
     BR36440 0.1589 0.0202 0.8067 0.0030 0.0013 0.0087 0.0011 
      CAM117 0.2140 0.0027 0.7721 0.0085 0.0003 0.0022 0.0002 
      CPE012 0.0005 0.0003 0.7022 0.0004 0.0430 0.0021 0.2516 
      CPE025 0.0005 0.0007 0.7107 0.0011 0.0426 0.0053 0.2392 
      CPE049 0.0007 0.0004 0.7393 0.0007 0.0372 0.0057 0.2161 
      CPE069 0.0008 0.0003 0.7052 0.0008 0.0306 0.0114 0.2509 
    CPEII008 0.0005 0.0003 0.7046 0.0005 0.0373 0.0035 0.2534 
      CUJ027 0.1766 0.0153 0.7849 0.0153 0.0005 0.0071 0.0002 
      CUJ072 0.1677 0.0065 0.7996 0.0072 0.0004 0.0184 0.0001 
      FPR006 0.0124 0.2146 0.7669 0.0029 0.0004 0.0026 0.0001 
      FPR015 0.0608 0.0275 0.7998 0.0167 0.0020 0.0929 0.0003 
      FPR021 0.0497 0.0445 0.7713 0.0310 0.0003 0.1031 0.0001 
    GAPTO259 0.0010 0.0004 0.7354 0.0055 0.1995 0.0113 0.0468 
    GAPTO268 0.0009 0.0011 0.7348 0.0009 0.2126 0.0091 0.0406 
    GAPTO277 0.0007 0.0021 0.7894 0.0008 0.1401 0.0275 0.0394 
    GAPTO327 0.0009 0.0037 0.7385 0.0013 0.1953 0.0123 0.0480 
      MAM010 0.0678 0.0379 0.7942 0.0259 0.0017 0.0723 0.0002 
      MAR092 0.0609 0.0273 0.8100 0.0165 0.0006 0.0842 0.0004 
       MF005 0.0016 0.0024 0.7620 0.0052 0.0202 0.2072 0.0014 
     MPDS628 0.0361 0.0504 0.8232 0.0047 0.0016 0.0834 0.0006 
      MSF107 0.0027 0.0034 0.8129 0.0239 0.0044 0.1378 0.0148 
       MT087 0.0214 0.0040 0.7593 0.2109 0.0003 0.0040 0.0001 
       MT123 0.0044 0.0019 0.7636 0.2280 0.0002 0.0019 0.0001 
       OM022 0.1609 0.0445 0.7679 0.0087 0.0003 0.0176 0.0002 
       OM112 0.1460 0.0783 0.7660 0.0028 0.0003 0.0064 0.0001 
       OM172 0.1570 0.0415 0.7857 0.0047 0.0004 0.0105 0.0002 
       OP100 0.0792 0.0354 0.7585 0.1183 0.0014 0.0071 0.0002 
     PIME024 0.0395 0.0435 0.7781 0.0146 0.0004 0.1235 0.0003 
     PIME062 0.0583 0.0126 0.7862 0.0297 0.0003 0.1128 0.0001 
     PIME079 0.0707 0.0156 0.8158 0.0123 0.0003 0.0848 0.0005 
     PIME134 0.0017 0.0008 0.7852 0.0011 0.0410 0.1587 0.0114 
     PIME135 0.0010 0.0007 0.7757 0.0006 0.0272 0.1899 0.0049 
     PIME169 0.0578 0.0253 0.7910 0.0252 0.0005 0.1000 0.0002 
     PIME460 0.0559 0.0591 0.7818 0.0357 0.0004 0.0669 0.0002 
     PIME482 0.0016 0.0014 0.7928 0.0026 0.0071 0.1933 0.0012 
     PIME521 0.0031 0.0014 0.8025 0.0058 0.0240 0.1623 0.0008 
     PIME522 0.0026 0.0017 0.7829 0.0037 0.0028 0.2052 0.0012 
    PPBIO221 0.0011 0.0009 0.7997 0.0013 0.0465 0.1183 0.0322 
    PPBIO305 0.0008 0.0009 0.7842 0.0016 0.0324 0.1419 0.0381 
      PPS041 0.0255 0.0096 0.7967 0.1304 0.0010 0.0365 0.0003 
      PPS174 0.0007 0.0012 0.8063 0.0102 0.0003 0.1809 0.0004 
      PPS221 0.0239 0.0033 0.8096 0.1529 0.0005 0.0096 0.0002 
      PPS352 0.0304 0.0145 0.8073 0.1080 0.0037 0.0348 0.0015 
      PUC008 0.1666 0.0109 0.7848 0.0025 0.0002 0.0347 0.0002 
      RDO007 0.0008 0.0048 0.7635 0.0021 0.0759 0.0866 0.0665 
      TLP025 0.0051 0.0011 0.7888 0.0466 0.0004 0.1578 0.0002 
      TLP123 0.0027 0.0050 0.7748 0.0752 0.0003 0.1418 0.0001 
    UFAC1007 0.1758 0.0014 0.8123 0.0046 0.0004 0.0051 0.0004 
     UFAC305 0.1721 0.0210 0.7875 0.0118 0.0002 0.0073 0.0001 
     UFAC476 0.1738 0.0077 0.8124 0.0026 0.0003 0.0030 0.0002 
      UHE442 0.0050 0.0010 0.7519 0.0023 0.0466 0.1669 0.0264 
      UNA002 0.0004 0.0002 0.7161 0.0003 0.0185 0.0010 0.2634 
      UNA018 0.0003 0.0002 0.7063 0.0003 0.0136 0.0010 0.2782 
      UNA088 0.0008 0.0012 0.7355 0.0009 0.0242 0.0048 0.2326 
      UNA110 0.0003 0.0002 0.7079 0.0003 0.0201 0.0009 0.2703 
      UNA124 0.0006 0.0004 0.7345 0.0006 0.0086 0.0021 0.2532 
       WM281 0.0066 0.0031 0.8032 0.0075 0.0107 0.1596 0.0093 
       WM293 0.0013 0.0068 0.7676 0.0007 0.0336 0.1872 0.0027 
