      AMA340 0.0003 0.7832 0.0010 0.0030 0.0035 0.2089 0.0002 
      AMA601 0.0005 0.7938 0.0052 0.0073 0.0046 0.1885 0.0001 
      AMA656 0.0004 0.8030 0.0022 0.0130 0.0043 0.1768 0.0002 
    AMANA034 0.0020 0.8147 0.0146 0.0844 0.0209 0.0630 0.0005 
    AMANA137 0.0038 0.8119 0.0077 0.0985 0.0369 0.0409 0.0003 
      AMZ551 0.0025 0.7582 0.0328 0.1364 0.0127 0.0498 0.0076 
      AMZ610 0.0007 0.7915 0.0374 0.1150 0.0102 0.0421 0.0030 
       B4615 0.0003 0.7826 0.0005 0.0022 0.0034 0.2110 0.0001 
       B5082 0.0004 0.7952 0.0053 0.0027 0.0017 0.1944 0.0002 
       BR033 0.0007 0.7591 0.0007 0.2375 0.0006 0.0011 0.0002 
       BR036 0.0021 0.7674 0.0120 0.2138 0.0027 0.0018 0.0002 
     BR36440 0.0015 0.8056 0.0013 0.0091 0.0179 0.1635 0.0010 
      CAM117 0.0003 0.7711 0.0036 0.0022 0.0024 0.2202 0.0002 
      CPE012 0.0571 0.6993 0.0002 0.0018 0.0003 0.0005 0.2408 
      CPE025 0.0575 0.7079 0.0006 0.0045 0.0006 0.0005 0.2285 
      CPE049 0.0508 0.7366 0.0003 0.0048 0.0004 0.0007 0.2064 
      CPE069 0.0428 0.7026 0.0004 0.0104 0.0003 0.0008 0.2425 
    CPEII008 0.0509 0.7018 0.0002 0.0028 0.0003 0.0005 0.2435 
      CUJ027 0.0006 0.7838 0.0040 0.0101 0.0165 0.1848 0.0002 
      CUJ072 0.0005 0.7986 0.0015 0.0185 0.0067 0.1741 0.0001 
      FPR006 0.0004 0.7659 0.0011 0.0028 0.2138 0.0159 0.0001 
      FPR015 0.0019 0.7985 0.0031 0.1035 0.0277 0.0650 0.0003 
      FPR021 0.0003 0.7701 0.0121 0.1153 0.0468 0.0553 0.0001 
    GAPTO259 0.2243 0.7312 0.0012 0.0039 0.0003 0.0008 0.0383 
    GAPTO268 0.2346 0.7304 0.0003 0.0024 0.0005 0.0006 0.0313 
    GAPTO277 0.1615 0.7862 0.0004 0.0156 0.0023 0.0007 0.0334 
    GAPTO327 0.2198 0.7342 0.0004 0.0040 0.0016 0.0007 0.0394 
      MAM010 0.0017 0.7928 0.0081 0.0865 0.0384 0.0723 0.0002 
      MAR092 0.0007 0.8087 0.0043 0.0922 0.0277 0.0660 0.0004 
       MF005 0.0234 0.7602 0.0017 0.2098 0.0023 0.0016 0.0010 
     MPDS628 0.0019 0.8218 0.0012 0.0857 0.0504 0.0384 0.0005 
      MSF107 0.0058 0.8113 0.0156 0.1478 0.0034 0.0030 0.0131 
       MT087 0.0004 0.7593 0.1500 0.0310 0.0113 0.0479 0.0001 
       MT123 0.0004 0.7643 0.1824 0.0105 0.0097 0.0326 0.0001 
       OM022 0.0003 0.7669 0.0026 0.0198 0.0431 0.1671 0.0002 
       OM112 0.0004 0.7650 0.0009 0.0058 0.0761 0.1516 0.0001 
       OM172 0.0005 0.7846 0.0010 0.0107 0.0399 0.1631 0.0002 
       OP100 0.0022 0.7579 0.0730 0.0269 0.0425 0.0973 0.0002 
     PIME024 0.0004 0.7767 0.0041 0.1321 0.0441 0.0423 0.0003 
     PIME062 0.0003 0.7849 0.0129 0.1247 0.0139 0.0631 0.0001 
     PIME079 0.0004 0.8145 0.0030 0.0917 0.0161 0.0740 0.0005 
     PIME134 0.0479 0.7830 0.0004 0.1585 0.0007 0.0017 0.0077 
     PIME135 0.0335 0.7738 0.0003 0.1880 0.0006 0.0010 0.0029 
     PIME169 0.0005 0.7897 0.0079 0.1121 0.0266 0.0629 0.0001 
     PIME460 0.0005 0.7804 0.0141 0.0809 0.0615 0.0624 0.0002 
     PIME482 0.0081 0.7911 0.0008 0.1961 0.0013 0.0017 0.0009 
     PIME521 0.0280 0.8006 0.0033 0.1627 0.0014 0.0032 0.0007 
     PIME522 0.0032 0.7814 0.0012 0.2091 0.0017 0.0025 0.0009 
    PPBIO221 0.0557 0.7975 0.0006 0.1158 0.0009 0.0011 0.0284 
    PPBIO305 0.0386 0.7820 0.0009 0.1412 0.0009 0.0009 0.0355 
      PPS041 0.0012 0.7960 0.0841 0.0676 0.0129 0.0379 0.0003 
      PPS174 0.0003 0.8049 0.0104 0.1822 0.0010 0.0008 0.0004 
      PPS221 0.0008 0.8093 0.1038 0.0410 0.0047 0.0402 0.0003 
      PPS352 0.0049 0.8064 0.0635 0.0611 0.0181 0.0444 0.0015 
      PUC008 0.0003 0.7837 0.0006 0.0348 0.0095 0.1709 0.0001 
      RDO007 0.0908 0.7608 0.0011 0.0810 0.0045 0.0008 0.0610 
      TLP025 0.0005 0.7876 0.0323 0.1715 0.0011 0.0068 0.0002 
      TLP123 0.0003 0.7738 0.0506 0.1646 0.0067 0.0039 0.0001 
    UFAC1007 0.0005 0.8113 0.0013 0.0048 0.0014 0.1804 0.0004 
     UFAC305 0.0002 0.7864 0.0024 0.0081 0.0225 0.1802 0.0001 
     UFAC476 0.0003 0.8114 0.0007 0.0030 0.0069 0.1776 0.0001 
      UHE442 0.0557 0.7496 0.0008 0.1665 0.0010 0.0042 0.0222 
      UNA002 0.0248 0.7139 0.0002 0.0012 0.0002 0.0005 0.2592 
      UNA018 0.0195 0.7041 0.0002 0.0012 0.0002 0.0003 0.2745 
      UNA088 0.0328 0.7330 0.0005 0.0049 0.0012 0.0008 0.2268 
      UNA110 0.0259 0.7058 0.0002 0.0010 0.0002 0.0004 0.2666 
      UNA124 0.0148 0.7323 0.0004 0.0023 0.0005 0.0006 0.2491 
       WM281 0.0145 0.8013 0.0023 0.1648 0.0031 0.0071 0.0068 
       WM293 0.0391 0.7655 0.0003 0.1858 0.0062 0.0014 0.0018 
