      AMA340 0.0022 0.0031 0.0003 0.7834 0.0002 0.0024 0.0969 0.1115 
      AMA601 0.0062 0.0034 0.0002 0.7938 0.0007 0.0057 0.0952 0.0949 
      AMA656 0.0027 0.0070 0.0002 0.8033 0.0003 0.0066 0.0926 0.0873 
    AMANA034 0.0130 0.0418 0.0006 0.8143 0.0015 0.0134 0.0966 0.0189 
    AMANA137 0.0050 0.0424 0.0003 0.8121 0.0044 0.0140 0.1184 0.0033 
      AMZ551 0.0308 0.0490 0.0081 0.7577 0.0015 0.0647 0.0775 0.0106 
      AMZ610 0.0381 0.0197 0.0033 0.7911 0.0005 0.0654 0.0764 0.0056 
       B4615 0.0013 0.0045 0.0002 0.7835 0.0003 0.0016 0.0791 0.1295 
       B5082 0.0096 0.0020 0.0003 0.7956 0.0004 0.0015 0.0927 0.0979 
       BR033 0.0005 0.0522 0.0002 0.7585 0.0006 0.1845 0.0031 0.0004 
       BR036 0.0048 0.0047 0.0002 0.7664 0.0032 0.2067 0.0137 0.0005 
     BR36440 0.0011 0.0045 0.0011 0.8053 0.0012 0.0033 0.1140 0.0695 
      CAM117 0.0179 0.0044 0.0004 0.7717 0.0003 0.0016 0.0667 0.1369 
      CPE012 0.0001 0.0011 0.2662 0.6983 0.0327 0.0006 0.0007 0.0002 
      CPE025 0.0004 0.0025 0.2538 0.7068 0.0335 0.0017 0.0011 0.0002 
      CPE049 0.0003 0.0025 0.2299 0.7357 0.0285 0.0018 0.0010 0.0003 
      CPE069 0.0004 0.0079 0.2651 0.7014 0.0219 0.0020 0.0010 0.0004 
    CPEII008 0.0002 0.0017 0.2679 0.7005 0.0278 0.0011 0.0006 0.0002 
      CUJ027 0.0030 0.0035 0.0002 0.7836 0.0005 0.0012 0.1265 0.0815 
      CUJ072 0.0020 0.0106 0.0001 0.7986 0.0005 0.0039 0.0974 0.0869 
      FPR006 0.0005 0.0009 0.0001 0.7670 0.0003 0.0009 0.2298 0.0006 
      FPR015 0.0020 0.0421 0.0003 0.7980 0.0021 0.0194 0.1290 0.0072 
      FPR021 0.0045 0.0252 0.0001 0.7696 0.0003 0.0275 0.1717 0.0011 
    GAPTO259 0.0024 0.0062 0.0533 0.7324 0.2007 0.0032 0.0014 0.0003 
    GAPTO268 0.0003 0.0025 0.0471 0.7316 0.2132 0.0033 0.0017 0.0003 
    GAPTO277 0.0004 0.0153 0.0452 0.7869 0.1400 0.0097 0.0023 0.0003 
    GAPTO327 0.0004 0.0103 0.0543 0.7353 0.1950 0.0016 0.0028 0.0002 
      MAM010 0.0054 0.0187 0.0002 0.7924 0.0016 0.0354 0.1260 0.0203 
      MAR092 0.0023 0.0382 0.0004 0.8083 0.0006 0.0231 0.1143 0.0128 
       MF005 0.0010 0.2256 0.0005 0.7595 0.0062 0.0028 0.0041 0.0003 
     MPDS628 0.0006 0.0551 0.0005 0.8214 0.0013 0.0024 0.1171 0.0017 
      MSF107 0.0150 0.0283 0.0123 0.8105 0.0039 0.1224 0.0065 0.0010 
       MT087 0.1446 0.0021 0.0001 0.7579 0.0003 0.0040 0.0897 0.0012 
       MT123 0.1802 0.0017 0.0001 0.7631 0.0002 0.0022 0.0484 0.0040 
       OM022 0.0013 0.0024 0.0002 0.7666 0.0002 0.0099 0.1533 0.0661 
       OM112 0.0005 0.0013 0.0001 0.7649 0.0003 0.0013 0.1755 0.0562 
       OM172 0.0007 0.0041 0.0002 0.7845 0.0003 0.0029 0.1400 0.0672 
       OP100 0.0606 0.0022 0.0002 0.7571 0.0011 0.0018 0.1649 0.0121 
     PIME024 0.0016 0.0852 0.0003 0.7761 0.0003 0.0080 0.1272 0.0014 
     PIME062 0.0066 0.0783 0.0001 0.7844 0.0002 0.0062 0.1154 0.0087 
     PIME079 0.0021 0.0608 0.0005 0.8142 0.0002 0.0048 0.0927 0.0247 
     PIME134 0.0004 0.1729 0.0033 0.7825 0.0335 0.0051 0.0018 0.0005 
     PIME135 0.0002 0.1927 0.0014 0.7734 0.0188 0.0116 0.0014 0.0003 
     PIME169 0.0037 0.0263 0.0002 0.7892 0.0006 0.0411 0.1318 0.0072 
     PIME460 0.0055 0.0143 0.0002 0.7800 0.0005 0.0070 0.1912 0.0013 
     PIME482 0.0006 0.1330 0.0007 0.7907 0.0034 0.0641 0.0071 0.0004 
     PIME521 0.0025 0.0329 0.0008 0.8004 0.0251 0.1315 0.0048 0.0019 
     PIME522 0.0010 0.0613 0.0009 0.7807 0.0017 0.1451 0.0085 0.0009 
    PPBIO221 0.0005 0.1252 0.0302 0.7970 0.0391 0.0058 0.0019 0.0004 
    PPBIO305 0.0008 0.1448 0.0345 0.7816 0.0258 0.0108 0.0013 0.0003 
      PPS041 0.0819 0.0100 0.0003 0.7951 0.0008 0.0388 0.0688 0.0043 
      PPS174 0.0035 0.0026 0.0003 0.8036 0.0002 0.1880 0.0015 0.0003 
      PPS221 0.1049 0.0046 0.0002 0.8085 0.0005 0.0483 0.0132 0.0196 
      PPS352 0.0616 0.0184 0.0015 0.8047 0.0031 0.0080 0.0999 0.0027 
      PUC008 0.0008 0.0292 0.0002 0.7838 0.0002 0.0052 0.0953 0.0852 
      RDO007 0.0009 0.0938 0.0682 0.7605 0.0685 0.0051 0.0028 0.0002 
      TLP025 0.0302 0.0107 0.0002 0.7867 0.0004 0.1582 0.0096 0.0040 
      TLP123 0.0408 0.0028 0.0001 0.7727 0.0003 0.1459 0.0368 0.0006 
    UFAC1007 0.0022 0.0041 0.0007 0.8116 0.0005 0.0040 0.0776 0.0992 
     UFAC305 0.0016 0.0016 0.0001 0.7862 0.0002 0.0023 0.1320 0.0760 
     UFAC476 0.0010 0.0016 0.0002 0.8118 0.0003 0.0018 0.0886 0.0947 
      UHE442 0.0008 0.1817 0.0195 0.7491 0.0384 0.0067 0.0029 0.0010 
      UNA002 0.0002 0.0006 0.2739 0.7119 0.0124 0.0004 0.0005 0.0002 
      UNA018 0.0002 0.0006 0.2904 0.7022 0.0058 0.0004 0.0005 0.0001 
      UNA088 0.0004 0.0025 0.2448 0.7316 0.0170 0.0014 0.0022 0.0002 
      UNA110 0.0001 0.0005 0.2806 0.7037 0.0143 0.0003 0.0004 0.0001 
      UNA124 0.0003 0.0011 0.2634 0.7304 0.0032 0.0006 0.0009 0.0002 
       WM281 0.0017 0.1004 0.0083 0.8009 0.0076 0.0490 0.0309 0.0012 
       WM293 0.0003 0.1588 0.0011 0.7652 0.0254 0.0455 0.0033 0.0004 
