      AMA340 0.9976 0.0015 0.0009 
      AMA601 0.9956 0.0038 0.0006 
      AMA656 0.9947 0.0042 0.0011 
    AMANA034 0.9281 0.0673 0.0047 
    AMANA137 0.8356 0.1624 0.0020 
      AMZ551 0.7347 0.1735 0.0918 
      AMZ610 0.8501 0.0741 0.0759 
       B4615 0.9976 0.0017 0.0007 
       B5082 0.9963 0.0028 0.0010 
       BR033 0.6391 0.3316 0.0293 
       BR036 0.6712 0.3261 0.0026 
     BR36440 0.9844 0.0106 0.0050 
      CAM117 0.9969 0.0018 0.0013 
      CPE012 0.0033 0.1123 0.8844 
      CPE025 0.0038 0.1305 0.8657 
      CPE049 0.0088 0.1389 0.8523 
      CPE069 0.0059 0.0743 0.9198 
    CPEII008 0.0029 0.0943 0.9028 
      CUJ027 0.9919 0.0071 0.0009 
      CUJ072 0.9918 0.0075 0.0007 
      FPR006 0.9529 0.0462 0.0009 
      FPR015 0.8381 0.1576 0.0043 
      FPR021 0.8737 0.1253 0.0011 
    GAPTO259 0.0046 0.7558 0.2395 
    GAPTO268 0.0036 0.7756 0.2208 
    GAPTO277 0.0644 0.6927 0.2429 
    GAPTO327 0.0062 0.7429 0.2509 
      MAM010 0.8781 0.1201 0.0018 
      MAR092 0.8897 0.1031 0.0072 
       MF005 0.5543 0.3566 0.0891 
     MPDS628 0.8417 0.1532 0.0051 
      MSF107 0.5241 0.3683 0.1075 
       MT087 0.8875 0.1114 0.0011 
       MT123 0.9063 0.0933 0.0005 
       OM022 0.9879 0.0107 0.0014 
       OM112 0.9947 0.0047 0.0006 
       OM172 0.9906 0.0080 0.0014 
       OP100 0.8992 0.0992 0.0015 
     PIME024 0.8445 0.1400 0.0155 
     PIME062 0.8949 0.1044 0.0007 
     PIME079 0.9227 0.0530 0.0243 
     PIME134 0.5070 0.3743 0.1187 
     PIME135 0.4974 0.4027 0.0998 
     PIME169 0.8675 0.1311 0.0014 
     PIME460 0.9086 0.0896 0.0018 
     PIME482 0.6191 0.3166 0.0643 
     PIME521 0.6084 0.3713 0.0202 
     PIME522 0.6437 0.2746 0.0817 
    PPBIO221 0.4290 0.3848 0.1862 
    PPBIO305 0.4280 0.3560 0.2160 
      PPS041 0.8753 0.1218 0.0029 
      PPS174 0.6822 0.2998 0.0181 
      PPS221 0.8972 0.1017 0.0011 
      PPS352 0.8494 0.1415 0.0091 
      PUC008 0.9921 0.0070 0.0008 
      RDO007 0.2561 0.4376 0.3062 
      TLP025 0.7550 0.2408 0.0042 
      TLP123 0.7726 0.2263 0.0010 
    UFAC1007 0.9935 0.0046 0.0019 
     UFAC305 0.9978 0.0017 0.0005 
     UFAC476 0.9966 0.0028 0.0006 
      UHE442 0.4588 0.3664 0.1749 
      UNA002 0.0032 0.0113 0.9854 
      UNA018 0.0024 0.0047 0.9930 
      UNA088 0.0325 0.0692 0.8982 
      UNA110 0.0029 0.0087 0.9884 
      UNA124 0.0101 0.0093 0.9806 
       WM281 0.6240 0.2490 0.1270 
       WM293 0.5237 0.3746 0.1017 
