0.103512 0.096733 0.105307 0.100229 0.112212 0.115112 0.114841 0.093485 0.113081 0.119016 0.107282 0.104479 0.115862 0.115587 0.109575 0.103928 0.115621 0.099657 0.100226 0.118500 0.116536 0.114869 0.116610 0.109219 0.108396 0.108798 0.109282 0.105507 0.102808 0.098607 0.107863 0.112730 0.110577 0.110410 0.097796 0.113733 0.097552 0.109039 0.121159
0.096733 0.082268 0.091076 0.087131 0.105016 0.101401 0.101151 0.082437 0.105578 0.105187 0.099024 0.096597 0.101557 0.101774 0.095261 0.090963 0.101661 0.086471 0.086521 0.105434 0.104814 0.103556 0.102319 0.094878 0.094529 0.094474 0.095498 0.091778 0.088965 0.085531 0.094658 0.102675 0.096749 0.097032 0.090204 0.103443 0.089837 0.095200 0.107330
0.105307 0.091076 0.099143 0.095695 0.113590 0.109988 0.109735 0.091007 0.114152 0.113794 0.107598 0.105171 0.110249 0.110380 0.103966 0.099527 0.110298 0.095041 0.095108 0.114002 0.113385 0.112125 0.111017 0.103598 0.103142 0.103076 0.104058 0.100364 0.097574 0.094099 0.103231 0.111252 0.105356 0.105603 0.098778 0.112014 0.098411 0.103808 0.115937
0.100229 0.087131 0.095695 0.086333 0.108510 0.104243 0.103927 0.085655 0.109067 0.108401 0.102540 0.100096 0.106266 0.104945 0.099948 0.094532 0.105251 0.090548 0.089346 0.106528 0.108408 0.106615 0.106938 0.099596 0.097854 0.099194 0.098605 0.094681 0.092219 0.086619 0.096068 0.106381 0.099962 0.098673 0.093691 0.106752 0.093320 0.098444 0.110544
0.112212 0.105016 0.113590 0.108510 0.119397 0.123394 0.123124 0.101762 0.121144 0.127298 0.115601 0.112790 0.124146 0.123870 0.117858 0.112209 0.123904 0.107941 0.108508 0.126781 0.124818 0.123145 0.124893 0.117502 0.116678 0.117081 0.117565 0.113789 0.111091 0.106888 0.116145 0.121033 0.118860 0.118692 0.105900 0.122003 0.105700 0.117322 0.129441
0.115112 0.101401 0.109988 0.104243 0.123394 0.114318 0.114911 0.100683 0.123954 0.120052 0.117413 0.114977 0.120533 0.116605 0.114133 0.109368 0.117495 0.105119 0.100130 0.122145 0.123239 0.121728 0.121006 0.113798 0.109621 0.113477 0.110327 0.105750 0.103886 0.102219 0.110770 0.121156 0.111611 0.112944 0.108579 0.121733 0.108210 0.110088 0.122195
0.114841 0.101151 0.109735 0.103927 0.123124 0.114911 0.113757 0.100408 0.123683 0.119991 0.117143 0.114707 0.120283 0.116549 0.113889 0.109098 0.117375 0.104857 0.100158 0.121846 0.122970 0.121452 0.120770 0.113553 0.109538 0.113226 0.110132 0.105613 0.103819 0.101917 0.110494 0.120889 0.111551 0.112566 0.108308 0.121459 0.107939 0.110023 0.122134
0.093485 0.082437 0.091007 0.085655 0.101762 0.100683 0.100408 0.077750 0.102308 0.104613 0.095845 0.093361 0.101569 0.101181 0.095278 0.089424 0.101246 0.085382 0.085795 0.103912 0.102277 0.099710 0.102308 0.094922 0.094002 0.094500 0.094872 0.091083 0.088408 0.084021 0.093312 0.100078 0.096175 0.095903 0.086926 0.099564 0.086547 0.094639 0.106756
0.113081 0.105578 0.114152 0.109067 0.121144 0.123954 0.123683 0.102308 0.120322 0.127858 0.116244 0.113432 0.124707 0.124429 0.118420 0.112767 0.124464 0.108502 0.109068 0.127338 0.125378 0.123692 0.125455 0.118064 0.117238 0.117643 0.118124 0.114349 0.111650 0.107445 0.116702 0.121637 0.119420 0.119249 0.105707 0.122535 0.105861 0.117882 0.130001
0.119016 0.105187 0.113794 0.108401 0.127298 0.120052 0.119991 0.104613 0.127858 0.104201 0.121315 0.118881 0.124311 0.114099 0.117861 0.113267 0.120800 0.108972 0.105149 0.126284 0.127134 0.125672 0.124643 0.117554 0.111856 0.117273 0.114713 0.110437 0.104014 0.106397 0.115111 0.125040 0.108536 0.117398 0.112483 0.125654 0.112115 0.110317 0.106344
0.107282 0.099024 0.107598 0.102540 0.115601 0.117413 0.117143 0.095845 0.116244 0.121315 0.107872 0.107031 0.118154 0.117887 0.111866 0.106236 0.117919 0.101950 0.102527 0.120813 0.118836 0.117225 0.118901 0.111510 0.110694 0.111089 0.111582 0.107807 0.105107 0.100919 0.110174 0.114835 0.112877 0.112716 0.100908 0.116151 0.100590 0.111338 0.123458
0.104479 0.096597 0.105171 0.100096 0.112790 0.114977 0.114707 0.093361 0.113432 0.118881 0.107031 0.103644 0.115726 0.115452 0.109439 0.103794 0.115486 0.099521 0.100091 0.118368 0.116398 0.114744 0.116474 0.109083 0.108261 0.108662 0.109148 0.105372 0.102673 0.098475 0.107730 0.112565 0.110443 0.110276 0.098100 0.113625 0.097788 0.108905 0.121024
0.115862 0.101557 0.110249 0.106266 0.124146 0.120533 0.120283 0.101569 0.124707 0.124311 0.118154 0.115726 0.120526 0.120898 0.114335 0.110097 0.120790 0.105602 0.105652 0.124568 0.123945 0.122688 0.121394 0.113991 0.113651 0.113682 0.114636 0.110910 0.108088 0.104666 0.113792 0.121802 0.115873 0.116167 0.109334 0.122573 0.108966 0.114324 0.126454
0.115587 0.101774 0.110380 0.104945 0.123870 0.116605 0.116549 0.101181 0.124429 0.114099 0.117887 0.115452 0.120898 0.097155 0.114452 0.109840 0.117426 0.105552 0.101695 0.122759 0.123707 0.122237 0.121241 0.114144 0.108559 0.113859 0.111292 0.107007 0.100930 0.102890 0.111614 0.121614 0.105502 0.113946 0.109055 0.122223 0.108686 0.107162 0.116242
0.109575 0.095261 0.103966 0.099948 0.117858 0.114133 0.113889 0.095278 0.118420 0.117861 0.111866 0.109439 0.114335 0.114452 0.107432 0.103809 0.114361 0.099320 0.099253 0.118238 0.117658 0.116395 0.114668 0.107587 0.107188 0.107395 0.108251 0.104510 0.101635 0.098335 0.107447 0.115517 0.109423 0.109820 0.103046 0.116284 0.102679 0.107871 0.120004
0.103928 0.090963 0.099527 0.094532 0.112209 0.109368 0.109098 0.089424 0.112767 0.113267 0.106236 0.103794 0.110097 0.109840 0.103809 0.094513 0.109870 0.093982 0.094483 0.112860 0.111851 0.110511 0.110843 0.103452 0.102644 0.103024 0.103531 0.099761 0.097058 0.092963 0.102201 0.110078 0.104829 0.104682 0.097392 0.110498 0.097022 0.103290 0.115410
0.115621 0.101661 0.110298 0.105251 0.123904 0.117495 0.117375 0.101246 0.124464 0.120800 0.117919 0.115486 0.120790 0.117426 0.114361 0.109870 0.105647 0.105525 0.102614 0.123307 0.123731 0.122321 0.121238 0.113874 0.110067 0.113762 0.111818 0.107810 0.104560 0.103397 0.112185 0.121625 0.112363 0.114419 0.109090 0.122277 0.108722 0.110783 0.122943
0.099657 0.086471 0.095041 0.090548 0.107941 0.105119 0.104857 0.085382 0.108502 0.108972 0.101950 0.099521 0.105602 0.105552 0.099320 0.093982 0.105525 0.086190 0.090236 0.108860 0.107369 0.106538 0.106363 0.098962 0.098334 0.098533 0.099249 0.095504 0.092758 0.088960 0.098149 0.105656 0.100534 0.100580 0.093128 0.106375 0.092761 0.098990 0.111115
0.100226 0.086521 0.095108 0.089346 0.108508 0.100130 0.100158 0.085795 0.109068 0.105149 0.102527 0.100091 0.105652 0.101695 0.099253 0.094483 0.102614 0.090236 0.083781 0.107201 0.108353 0.106839 0.106126 0.098918 0.094732 0.098597 0.095505 0.090962 0.088990 0.087271 0.095640 0.106270 0.096709 0.098065 0.093693 0.106845 0.093324 0.095192 0.107292
0.118500 0.105434 0.114002 0.106528 0.126781 0.122145 0.121846 0.103912 0.127338 0.126284 0.120813 0.118368 0.124568 0.122759 0.118238 0.112860 0.123307 0.108860 0.107201 0.115254 0.126696 0.124846 0.125213 0.117890 0.115830 0.117499 0.116608 0.112616 0.110152 0.101236 0.111599 0.124662 0.117843 0.116711 0.111962 0.125012 0.111591 0.116374 0.128427
0.116536 0.104814 0.113385 0.108408 0.124818 0.123239 0.122970 0.102277 0.125378 0.127134 0.118836 0.116398 0.123945 0.123707 0.117658 0.111851 0.123731 0.107369 0.108353 0.126696 0.120508 0.123543 0.124694 0.117302 0.116511 0.116878 0.117402 0.113632 0.110925 0.106801 0.116045 0.122741 0.118696 0.118564 0.110005 0.123245 0.109638 0.117157 0.129277
0.114869 0.103556 0.112125 0.106615 0.123145 0.121728 0.121452 0.099710 0.123692 0.125672 0.117225 0.114744 0.122688 0.122237 0.116395 0.110511 0.122321 0.106538 0.106839 0.124846 0.123543 0.118878 0.123422 0.116039 0.115065 0.115619 0.115930 0.112130 0.109469 0.104958 0.114267 0.121415 0.117233 0.116902 0.108310 0.120990 0.107932 0.115699 0.127815
0.116610 0.102319 0.111017 0.106938 0.124893 0.121006 0.120770 0.102308 0.125455 0.124643 0.118901 0.116474 0.121394 0.121241 0.114668 0.110843 0.121238 0.106363 0.106126 0.125213 0.124694 0.123422 0.120069 0.114652 0.113958 0.114450 0.115142 0.111382 0.108408 0.105310 0.114403 0.122555 0.116206 0.116773 0.110081 0.123315 0.109713 0.114650 0.126786
0.109219 0.094878 0.103598 0.099596 0.117502 0.113798 0.113553 0.094922 0.118064 0.117554 0.111510 0.109083 0.113991 0.114144 0.107587 0.103452 0.113874 0.098962 0.098918 0.117890 0.117302 0.116039 0.114652 0.106245 0.106888 0.107022 0.107910 0.104174 0.101331 0.097987 0.107102 0.115161 0.109117 0.109475 0.102690 0.115928 0.102323 0.107566 0.119697
0.108396 0.094529 0.103142 0.097854 0.116678 0.109621 0.109538 0.094002 0.117238 0.111856 0.110694 0.108261 0.113651 0.108559 0.107188 0.102644 0.110067 0.098334 0.094732 0.115830 0.116511 0.115065 0.113958 0.106888 0.099665 0.106618 0.104199 0.099972 0.095515 0.095922 0.104641 0.114413 0.103424 0.106881 0.101864 0.115040 0.101495 0.101787 0.113999
0.108798 0.094474 0.103076 0.099194 0.117081 0.113477 0.113226 0.094500 0.117643 0.117273 0.111089 0.108662 0.113682 0.113859 0.107395 0.103024 0.113762 0.098533 0.098597 0.117499 0.116878 0.115619 0.114450 0.107022 0.106618 0.106345 0.107566 0.103854 0.101052 0.097596 0.106726 0.114741 0.108835 0.109099 0.102269 0.115506 0.101902 0.107287 0.119416
0.109282 0.095498 0.104058 0.098605 0.117565 0.110327 0.110132 0.094872 0.118124 0.114713 0.111582 0.109148 0.114636 0.111292 0.108251 0.103531 0.111818 0.099249 0.095505 0.116608 0.117402 0.115930 0.115142 0.107910 0.104199 0.107566 0.097801 0.100389 0.098522 0.096688 0.105379 0.115312 0.106274 0.107496 0.102750 0.115915 0.102381 0.104731 0.116856
0.105507 0.091778 0.100364 0.094681 0.113789 0.105750 0.105613 0.091083 0.114349 0.110437 0.107807 0.105372 0.110910 0.107007 0.104510 0.099761 0.107810 0.095504 0.090962 0.112616 0.113632 0.112130 0.111382 0.104174 0.099972 0.103854 0.100389 0.095126 0.094257 0.092692 0.101299 0.111547 0.101997 0.103424 0.098974 0.112131 0.098605 0.100461 0.112580
0.102808 0.088965 0.097574 0.092219 0.111091 0.103886 0.103819 0.088408 0.111650 0.104014 0.105107 0.102673 0.108088 0.100930 0.101635 0.097058 0.104560 0.092758 0.088990 0.110152 0.110925 0.109469 0.108408 0.101331 0.095515 0.101052 0.098522 0.094257 0.086165 0.090251 0.098961 0.108829 0.095619 0.101218 0.096276 0.109448 0.095907 0.094225 0.106157
0.098607 0.085531 0.094099 0.086619 0.106888 0.102219 0.101917 0.084021 0.107445 0.106397 0.100919 0.098475 0.104666 0.102890 0.098335 0.092963 0.103397 0.088960 0.087271 0.101236 0.106801 0.104958 0.105310 0.097987 0.095922 0.097596 0.096688 0.092692 0.090251 0.079980 0.091189 0.104767 0.097956 0.096759 0.092069 0.105121 0.091698 0.096473 0.108540
0.107863 0.094658 0.103231 0.096068 0.116145 0.110770 0.110494 0.093312 0.116702 0.115111 0.110174 0.107730 0.113792 0.111614 0.107447 0.102201 0.112185 0.098149 0.095640 0.111599 0.116045 0.114267 0.114403 0.107102 0.104641 0.106726 0.105379 0.101299 0.098961 0.091189 0.084275 0.113998 0.106670 0.105813 0.101326 0.114399 0.100955 0.105180 0.117254
0.112730 0.102675 0.111252 0.106381 0.121033 0.121156 0.120889 0.100078 0.121637 0.125040 0.114835 0.112565 0.121802 0.121614 0.115517 0.110078 0.121625 0.105656 0.106270 0.124662 0.122741 0.121415 0.122555 0.115161 0.114413 0.114741 0.115312 0.111547 0.108829 0.104767 0.113998 0.112442 0.116601 0.116511 0.106284 0.120639 0.105944 0.115061 0.127183
0.110577 0.096749 0.105356 0.099962 0.118860 0.111611 0.111551 0.096175 0.119420 0.108536 0.112877 0.110443 0.115873 0.105502 0.109423 0.104829 0.112363 0.100534 0.096709 0.117843 0.118696 0.117233 0.116206 0.109117 0.103424 0.108835 0.106274 0.101997 0.095619 0.097956 0.106670 0.116601 0.098053 0.108958 0.104045 0.117216 0.103676 0.101886 0.110679
0.110410 0.097032 0.105603 0.098673 0.118692 0.112944 0.112566 0.095903 0.119249 0.117398 0.112716 0.110276 0.116167 0.113946 0.109820 0.104682 0.114419 0.100580 0.098065 0.116711 0.118564 0.116902 0.116773 0.109475 0.106881 0.109099 0.107496 0.103424 0.101218 0.096759 0.105813 0.116511 0.108958 0.104207 0.103874 0.116978 0.103504 0.107436 0.119541
0.097796 0.090204 0.098778 0.093691 0.105900 0.108579 0.108308 0.086926 0.105707 0.112483 0.100908 0.098100 0.109334 0.109055 0.103046 0.097392 0.109090 0.093128 0.093693 0.111962 0.110005 0.108310 0.110081 0.102690 0.101864 0.102269 0.102750 0.098974 0.096276 0.092069 0.101326 0.106284 0.104045 0.103874 0.089063 0.107147 0.090273 0.102507 0.114626
0.113733 0.103443 0.112014 0.106752 0.122003 0.121733 0.121459 0.099564 0.122535 0.125654 0.116151 0.113625 0.122573 0.122223 0.116284 0.110498 0.122277 0.106375 0.106845 0.125012 0.123245 0.120990 0.123315 0.115928 0.115040 0.115506 0.115915 0.112131 0.109448 0.105121 0.114399 0.120639 0.117216 0.116978 0.107147 0.115408 0.106759 0.115679 0.127797
0.097552 0.089837 0.098411 0.093320 0.105700 0.108210 0.107939 0.086547 0.105861 0.112115 0.100590 0.097788 0.108966 0.108686 0.102679 0.097022 0.108722 0.092761 0.093324 0.111591 0.109638 0.107932 0.109713 0.102323 0.101495 0.101902 0.102381 0.098605 0.095907 0.091698 0.100955 0.105944 0.103676 0.103504 0.090273 0.106759 0.089063 0.102139 0.114258
0.109039 0.095200 0.103808 0.098444 0.117322 0.110088 0.110023 0.094639 0.117882 0.110317 0.111338 0.108905 0.114324 0.107162 0.107871 0.103290 0.110783 0.098990 0.095192 0.116374 0.117157 0.115699 0.114650 0.107566 0.101787 0.107287 0.104731 0.100461 0.094225 0.096473 0.105180 0.115061 0.101886 0.107436 0.102507 0.115679 0.102139 0.098977 0.112460
0.121159 0.107330 0.115937 0.110544 0.129441 0.122195 0.122134 0.106756 0.130001 0.106344 0.123458 0.121024 0.126454 0.116242 0.120004 0.115410 0.122943 0.111115 0.107292 0.128427 0.129277 0.127815 0.126786 0.119697 0.113999 0.119416 0.116856 0.112580 0.106157 0.108540 0.117254 0.127183 0.110679 0.119541 0.114626 0.127797 0.114258 0.112460 0.092917
