0.103542 0.096606 0.102171 0.099967 0.112330 0.116034 0.114532 0.093347 0.112857 0.119058 0.107730 0.104708 0.115701 0.115644 0.108959 0.103436 0.113980 0.100115 0.101180 0.118508 0.116181 0.114812 0.117080 0.108570 0.109469 0.115562 0.108182 0.104857 0.102691 0.098224 0.106892 0.113337 0.110894 0.110006 0.097791 0.113627 0.097616 0.108870 0.121045
0.096606 0.081757 0.087594 0.086785 0.104949 0.101936 0.100548 0.082509 0.105175 0.104899 0.099209 0.096687 0.101066 0.101504 0.094316 0.090703 0.099566 0.087185 0.087135 0.105365 0.104421 0.103669 0.102549 0.093893 0.095284 0.100888 0.093872 0.090727 0.088519 0.085036 0.093547 0.102673 0.096737 0.096562 0.090016 0.103329 0.089710 0.094698 0.106887
0.102171 0.087594 0.092739 0.092314 0.110514 0.107517 0.106112 0.088068 0.110739 0.110491 0.104774 0.102252 0.106762 0.107095 0.100023 0.096248 0.105212 0.092748 0.092714 0.110903 0.109982 0.109224 0.108227 0.099617 0.100879 0.106456 0.099340 0.096309 0.094112 0.090573 0.099089 0.108247 0.102330 0.102091 0.095580 0.108890 0.095274 0.100291 0.112479
0.099967 0.086785 0.092314 0.085530 0.108307 0.105330 0.103626 0.085598 0.108528 0.108458 0.102601 0.100053 0.105898 0.105019 0.099120 0.093850 0.103740 0.091010 0.090390 0.106610 0.107853 0.106530 0.107076 0.098725 0.098906 0.105728 0.097888 0.094208 0.092109 0.086298 0.095092 0.106327 0.100292 0.098067 0.093366 0.106503 0.093057 0.098288 0.110446
0.112330 0.104949 0.110514 0.108307 0.119706 0.124375 0.122873 0.101681 0.121015 0.127399 0.116113 0.113085 0.124044 0.123986 0.117301 0.111776 0.122322 0.108457 0.109521 0.126848 0.124521 0.123147 0.125423 0.116912 0.117811 0.123904 0.116524 0.113199 0.111033 0.106564 0.115233 0.121696 0.119236 0.118346 0.105983 0.121956 0.105848 0.117212 0.129387
0.116034 0.101936 0.107517 0.105330 0.124375 0.115839 0.115835 0.101835 0.124599 0.120190 0.118647 0.116116 0.121043 0.116829 0.114118 0.110050 0.116946 0.106781 0.101759 0.123428 0.123874 0.122903 0.121268 0.113717 0.110613 0.120903 0.111765 0.105567 0.103790 0.103026 0.111073 0.122208 0.112032 0.114552 0.109439 0.122686 0.109132 0.109956 0.122178
0.114532 0.100548 0.106112 0.103626 0.122873 0.115835 0.106727 0.100313 0.123096 0.119601 0.117148 0.114615 0.119658 0.116223 0.112767 0.108526 0.116007 0.105312 0.101156 0.121756 0.122376 0.121361 0.120099 0.112365 0.110030 0.119508 0.110475 0.104994 0.103213 0.101341 0.109470 0.120726 0.111441 0.112608 0.107937 0.121171 0.107629 0.109382 0.121589
0.093347 0.082509 0.088068 0.085598 0.101681 0.101835 0.100313 0.077809 0.101890 0.104869 0.096058 0.093446 0.101608 0.101452 0.094861 0.089092 0.099834 0.085983 0.086972 0.104123 0.101953 0.099864 0.102963 0.094471 0.095286 0.101462 0.094030 0.090665 0.088505 0.083849 0.092548 0.100330 0.096705 0.095687 0.086724 0.099451 0.086408 0.094685 0.106857
0.112857 0.105175 0.110739 0.108528 0.121015 0.124599 0.123096 0.101890 0.120341 0.127623 0.116417 0.113394 0.124269 0.124209 0.117527 0.111996 0.122546 0.108681 0.109745 0.127068 0.124742 0.123356 0.125648 0.117138 0.118035 0.124130 0.116749 0.113422 0.111256 0.106784 0.115453 0.121950 0.119460 0.118568 0.105651 0.122154 0.105785 0.117436 0.129611
0.119058 0.104899 0.110491 0.108458 0.127399 0.120190 0.119601 0.104869 0.127623 0.104047 0.121670 0.119140 0.124003 0.113717 0.117055 0.113086 0.119723 0.109788 0.105578 0.126509 0.126895 0.125948 0.124047 0.116661 0.112990 0.123871 0.114845 0.108924 0.104383 0.106174 0.114317 0.125220 0.108727 0.117769 0.112464 0.125717 0.112156 0.110953 0.106034
0.107730 0.099209 0.104774 0.102601 0.116113 0.118647 0.117148 0.096058 0.116417 0.121670 0.107598 0.107660 0.118303 0.118256 0.111561 0.106069 0.116587 0.102725 0.103794 0.121143 0.118812 0.117516 0.119685 0.111172 0.112081 0.118164 0.110791 0.107470 0.105303 0.100859 0.109523 0.115707 0.113506 0.112634 0.101294 0.116388 0.101040 0.111482 0.123658
0.104708 0.096687 0.102252 0.100053 0.113085 0.116116 0.114615 0.093446 0.113394 0.119140 0.107660 0.103812 0.115782 0.115726 0.109040 0.103522 0.114061 0.100196 0.101263 0.118594 0.116265 0.114910 0.117162 0.108651 0.109551 0.115643 0.108264 0.104940 0.102773 0.098311 0.106978 0.113392 0.110977 0.110091 0.098277 0.113737 0.098032 0.108953 0.121128
0.115701 0.101066 0.106762 0.105898 0.124044 0.121043 0.119658 0.101608 0.124269 0.124003 0.118303 0.115782 0.119962 0.120608 0.113344 0.109808 0.118676 0.106282 0.106243 0.124477 0.123518 0.122769 0.121595 0.112977 0.114387 0.120091 0.113010 0.109834 0.107623 0.104147 0.112658 0.121763 0.115841 0.115677 0.109111 0.122427 0.108805 0.113802 0.125991
0.115644 0.101504 0.107095 0.105019 0.123986 0.116829 0.116223 0.101452 0.124209 0.113717 0.118256 0.115726 0.120608 0.096749 0.113664 0.109671 0.116364 0.106381 0.102204 0.122974 0.123482 0.122527 0.120676 0.113269 0.109671 0.120476 0.111464 0.105572 0.101163 0.102684 0.110841 0.121811 0.104976 0.114334 0.109050 0.122301 0.108742 0.107695 0.115704
0.108959 0.094316 0.100023 0.099120 0.117301 0.114118 0.112767 0.094861 0.117527 0.117055 0.111561 0.109040 0.113344 0.113664 0.105579 0.103060 0.111760 0.099546 0.099326 0.117680 0.116776 0.116019 0.114347 0.106093 0.107431 0.113350 0.106194 0.102907 0.100672 0.097348 0.105842 0.115025 0.108894 0.108878 0.102368 0.115681 0.102062 0.106852 0.119043
0.103436 0.090703 0.096248 0.093850 0.111776 0.110050 0.108526 0.089092 0.111996 0.113086 0.106069 0.103522 0.109808 0.109671 0.103060 0.092800 0.108040 0.094127 0.095192 0.112491 0.110967 0.110194 0.111168 0.102669 0.103499 0.109650 0.102209 0.098877 0.096720 0.092199 0.100864 0.109824 0.104922 0.103930 0.096836 0.109982 0.096526 0.102899 0.115073
0.113980 0.099566 0.105212 0.103740 0.122322 0.116946 0.116007 0.099834 0.122546 0.119723 0.116587 0.114061 0.118676 0.116364 0.111760 0.108040 0.105096 0.104639 0.102258 0.122082 0.121807 0.120951 0.119325 0.111054 0.110068 0.118564 0.110286 0.105696 0.103318 0.101723 0.110021 0.120097 0.111565 0.113255 0.107387 0.120669 0.107081 0.109493 0.121710
0.100115 0.087185 0.092748 0.091010 0.108457 0.106781 0.105312 0.085983 0.108681 0.109788 0.102725 0.100196 0.106282 0.106381 0.099546 0.094127 0.104639 0.087621 0.091946 0.109610 0.107373 0.107203 0.107700 0.099156 0.100190 0.106139 0.098840 0.095593 0.093416 0.089304 0.097908 0.106310 0.101625 0.100955 0.093522 0.106799 0.093215 0.099595 0.111776
0.101180 0.087135 0.092714 0.090390 0.109521 0.101759 0.101156 0.086972 0.109745 0.105578 0.103794 0.101263 0.106243 0.102204 0.099326 0.095192 0.102258 0.091946 0.084414 0.108414 0.109023 0.108030 0.106523 0.098926 0.096010 0.106101 0.097038 0.091008 0.089187 0.087989 0.095870 0.107365 0.097418 0.099582 0.094585 0.107825 0.094277 0.095354 0.107566
0.118508 0.105365 0.110903 0.106610 0.126848 0.123428 0.121756 0.104123 0.127068 0.126509 0.121143 0.118594 0.124477 0.122974 0.117680 0.112491 0.122082 0.109610 0.108414 0.114481 0.126422 0.125032 0.125535 0.117284 0.117061 0.124312 0.116308 0.112340 0.110227 0.101730 0.111663 0.124885 0.118334 0.116320 0.111906 0.125032 0.111597 0.116412 0.128497
0.116181 0.104421 0.109982 0.107853 0.124521 0.123874 0.122376 0.101953 0.124742 0.126895 0.118812 0.116265 0.123518 0.123482 0.116776 0.110967 0.121807 0.107373 0.109023 0.126422 0.120415 0.123277 0.124902 0.116387 0.117305 0.123374 0.116005 0.112695 0.110528 0.106132 0.114786 0.122653 0.118732 0.117878 0.109582 0.122775 0.109273 0.116707 0.128883
0.114812 0.103669 0.109224 0.106530 0.123147 0.122903 0.121361 0.099864 0.123356 0.125948 0.117516 0.114910 0.122769 0.122527 0.116019 0.110194 0.120951 0.107203 0.108030 0.125032 0.123277 0.118249 0.124106 0.115628 0.116368 0.122621 0.115139 0.111739 0.109586 0.104767 0.113497 0.121725 0.117784 0.116659 0.108190 0.120962 0.107874 0.115765 0.127935
0.117080 0.102549 0.108227 0.107076 0.125423 0.121268 0.120099 0.102963 0.125648 0.124047 0.119685 0.117162 0.121595 0.120676 0.114347 0.111168 0.119325 0.107700 0.106523 0.125535 0.124902 0.124106 0.108447 0.114320 0.114383 0.121566 0.113967 0.110042 0.107649 0.105191 0.113596 0.123170 0.115888 0.116724 0.110489 0.123789 0.110183 0.113834 0.126035
0.108570 0.093893 0.099617 0.098725 0.116912 0.113717 0.112365 0.094471 0.117138 0.116661 0.111172 0.108651 0.112977 0.113269 0.106093 0.102669 0.111054 0.099156 0.098926 0.117284 0.116387 0.115628 0.114320 0.104487 0.107039 0.112937 0.105781 0.102506 0.100278 0.096952 0.105445 0.114638 0.108499 0.108481 0.101979 0.115291 0.101673 0.106457 0.118648
0.109469 0.095284 0.100879 0.098906 0.117811 0.110613 0.110030 0.095286 0.118035 0.112990 0.112081 0.109551 0.114387 0.109671 0.107431 0.103499 0.110068 0.100190 0.096010 0.117061 0.117305 0.116368 0.114383 0.107039 0.102875 0.114258 0.105243 0.099339 0.096552 0.096682 0.104813 0.115626 0.104836 0.108220 0.102875 0.116132 0.102568 0.102740 0.114978
0.115562 0.100888 0.106456 0.105728 0.123904 0.120903 0.119508 0.101462 0.124130 0.123871 0.118164 0.115643 0.120091 0.120476 0.113350 0.109650 0.118564 0.106139 0.106101 0.124312 0.123374 0.122621 0.121566 0.112937 0.114258 0.119657 0.112791 0.109694 0.107492 0.103982 0.112495 0.121632 0.115710 0.115506 0.108971 0.122283 0.108665 0.113671 0.125859
0.108182 0.093872 0.099340 0.097888 0.116524 0.111765 0.110475 0.094030 0.116749 0.114845 0.110791 0.108264 0.113010 0.111464 0.106194 0.102209 0.110286 0.098840 0.097038 0.116308 0.116005 0.115139 0.113967 0.105781 0.105243 0.112791 0.092825 0.100425 0.098456 0.095950 0.104315 0.114309 0.106684 0.107402 0.101590 0.114866 0.101283 0.104630 0.116832
0.104857 0.090727 0.096309 0.094208 0.113199 0.105567 0.104994 0.090665 0.113422 0.108924 0.107470 0.104940 0.109834 0.105572 0.102907 0.098877 0.105696 0.095593 0.091008 0.112340 0.112695 0.111739 0.110042 0.102506 0.099339 0.109694 0.100425 0.093028 0.092518 0.091947 0.100040 0.111025 0.100767 0.103466 0.098263 0.111514 0.097955 0.098684 0.110912
0.102691 0.088519 0.094112 0.092109 0.111033 0.103790 0.103213 0.088505 0.111256 0.104383 0.105303 0.102773 0.107623 0.101163 0.100672 0.096720 0.103318 0.093416 0.089187 0.110227 0.110528 0.109586 0.107649 0.100278 0.096552 0.107492 0.098456 0.092518 0.086996 0.089861 0.097993 0.108851 0.096247 0.101418 0.096097 0.109353 0.095790 0.094812 0.106370
0.098224 0.085036 0.090573 0.086298 0.106564 0.103026 0.101341 0.083849 0.106784 0.106174 0.100859 0.098311 0.104147 0.102684 0.097348 0.092199 0.101723 0.089304 0.087989 0.101730 0.106132 0.104767 0.105191 0.096952 0.096682 0.103982 0.095950 0.091947 0.089861 0.079464 0.090705 0.104590 0.098003 0.095868 0.091623 0.104755 0.091314 0.096043 0.108162
0.106892 0.093547 0.099089 0.095092 0.115233 0.111073 0.109470 0.092548 0.115453 0.114317 0.109523 0.106978 0.112658 0.110841 0.105842 0.100864 0.110021 0.097908 0.095870 0.111663 0.114786 0.113497 0.113596 0.105445 0.104813 0.112495 0.104315 0.100040 0.097993 0.090705 0.086318 0.113224 0.106147 0.104354 0.100292 0.113445 0.099983 0.104172 0.116304
0.113337 0.102673 0.108247 0.106327 0.121696 0.122208 0.120726 0.100330 0.121950 0.125220 0.115707 0.113392 0.121763 0.121811 0.115025 0.109824 0.120097 0.106310 0.107365 0.124885 0.122653 0.121725 0.123170 0.114638 0.115626 0.121632 0.114309 0.111025 0.108851 0.104590 0.113224 0.113361 0.117057 0.116310 0.106804 0.120868 0.106516 0.115030 0.127208
0.110894 0.096737 0.102330 0.100292 0.119236 0.112032 0.111441 0.096705 0.119460 0.108727 0.113506 0.110977 0.115841 0.104976 0.108894 0.104922 0.111565 0.101625 0.097418 0.118334 0.118732 0.117784 0.115888 0.108499 0.104836 0.115710 0.106684 0.100767 0.096247 0.098003 0.106147 0.117057 0.098378 0.109603 0.104300 0.117554 0.103993 0.102801 0.110715
0.110006 0.096562 0.102091 0.098067 0.118346 0.114552 0.112608 0.095687 0.118568 0.117769 0.112634 0.110091 0.115677 0.114334 0.108878 0.103930 0.113255 0.100955 0.099582 0.116320 0.117878 0.116659 0.116724 0.108481 0.108220 0.115506 0.107402 0.103466 0.101418 0.095868 0.104354 0.116310 0.109603 0.104127 0.103407 0.116576 0.103098 0.107595 0.119757
0.097791 0.090016 0.095580 0.093366 0.105983 0.109439 0.107937 0.086724 0.105651 0.112464 0.101294 0.098277 0.109111 0.109050 0.102368 0.096836 0.107387 0.093522 0.094585 0.111906 0.109582 0.108190 0.110489 0.101979 0.102875 0.108971 0.101590 0.098263 0.096097 0.091623 0.100292 0.106804 0.104300 0.103407 0.089378 0.106982 0.090427 0.102276 0.114451
0.113627 0.103329 0.108890 0.106503 0.121956 0.122686 0.121171 0.099451 0.122154 0.125717 0.116388 0.113737 0.122427 0.122301 0.115681 0.109982 0.120669 0.106799 0.107825 0.125032 0.122775 0.120962 0.123789 0.115291 0.116132 0.122283 0.114866 0.111514 0.109353 0.104755 0.113445 0.120868 0.117554 0.116576 0.106982 0.116365 0.106659 0.115532 0.127705
0.097616 0.089710 0.095274 0.093057 0.105848 0.109132 0.107629 0.086408 0.105785 0.112156 0.101040 0.098032 0.108805 0.108742 0.102062 0.096526 0.107081 0.093215 0.094277 0.111597 0.109273 0.107874 0.110183 0.101673 0.102568 0.108665 0.101283 0.097955 0.095790 0.091314 0.099983 0.106516 0.103993 0.103098 0.090427 0.106659 0.089456 0.101969 0.114144
0.108870 0.094698 0.100291 0.098288 0.117212 0.109956 0.109382 0.094685 0.117436 0.110953 0.111482 0.108953 0.113802 0.107695 0.106852 0.102899 0.109493 0.099595 0.095354 0.116412 0.116707 0.115765 0.113834 0.106457 0.102740 0.113671 0.104630 0.098684 0.094812 0.096043 0.104172 0.115030 0.102801 0.107595 0.102276 0.115532 0.101969 0.097885 0.112941
0.121045 0.106887 0.112479 0.110446 0.129387 0.122178 0.121589 0.106857 0.129611 0.106034 0.123658 0.121128 0.125991 0.115704 0.119043 0.115073 0.121710 0.111776 0.107566 0.128497 0.128883 0.127935 0.126035 0.118648 0.114978 0.125859 0.116832 0.110912 0.106370 0.108162 0.116304 0.127208 0.110715 0.119757 0.114451 0.127705 0.114144 0.112941 0.092789
