      AMA340 0.7828 0.2062 0.0002 0.0082 0.0024 0.0002 
      AMA601 0.7934 0.1819 0.0001 0.0202 0.0040 0.0005 
      AMA656 0.8026 0.1730 0.0002 0.0149 0.0089 0.0004 
    AMANA034 0.8147 0.0713 0.0006 0.0570 0.0542 0.0022 
    AMANA137 0.8116 0.0517 0.0003 0.0453 0.0869 0.0043 
      AMZ551 0.7578 0.0498 0.0094 0.0662 0.1147 0.0022 
      AMZ610 0.7910 0.0409 0.0036 0.0715 0.0924 0.0007 
       B4615 0.7825 0.2123 0.0001 0.0030 0.0018 0.0003 
       B5082 0.7947 0.1864 0.0002 0.0164 0.0019 0.0004 
       BR033 0.7589 0.0011 0.0002 0.0025 0.2364 0.0007 
       BR036 0.7670 0.0020 0.0002 0.0308 0.1973 0.0028 
     BR36440 0.8056 0.1794 0.0011 0.0047 0.0077 0.0014 
      CAM117 0.7707 0.2152 0.0002 0.0119 0.0018 0.0003 
      CPE012 0.6987 0.0004 0.2545 0.0004 0.0015 0.0445 
      CPE025 0.7071 0.0004 0.2423 0.0012 0.0034 0.0455 
      CPE049 0.7360 0.0006 0.2195 0.0007 0.0038 0.0395 
      CPE069 0.7019 0.0007 0.2554 0.0008 0.0086 0.0326 
    CPEII008 0.7010 0.0004 0.2567 0.0005 0.0024 0.0391 
      CUJ027 0.7834 0.1844 0.0002 0.0259 0.0056 0.0006 
      CUJ072 0.7983 0.1733 0.0001 0.0131 0.0147 0.0005 
      FPR006 0.7688 0.1086 0.0001 0.1014 0.0207 0.0005 
      FPR015 0.7983 0.0744 0.0003 0.0358 0.0890 0.0022 
      FPR021 0.7700 0.0683 0.0001 0.0532 0.1082 0.0003 
    GAPTO259 0.7304 0.0006 0.0461 0.0019 0.0033 0.2176 
    GAPTO268 0.7296 0.0006 0.0388 0.0007 0.0023 0.2281 
    GAPTO277 0.7856 0.0008 0.0396 0.0012 0.0174 0.1553 
    GAPTO327 0.7334 0.0007 0.0472 0.0011 0.0041 0.2134 
      MAM010 0.7926 0.0878 0.0002 0.0409 0.0768 0.0016 
      MAR092 0.8085 0.0747 0.0004 0.0324 0.0833 0.0007 
       MF005 0.7599 0.0019 0.0012 0.0077 0.2069 0.0224 
     MPDS628 0.8218 0.0555 0.0005 0.0311 0.0894 0.0017 
      MSF107 0.8107 0.0029 0.0140 0.0218 0.1457 0.0048 
       MT087 0.7581 0.0214 0.0001 0.2138 0.0062 0.0003 
       MT123 0.7626 0.0057 0.0001 0.2293 0.0021 0.0002 
       OM022 0.7666 0.1864 0.0002 0.0252 0.0212 0.0003 
       OM112 0.7652 0.1965 0.0001 0.0268 0.0110 0.0004 
       OM172 0.7845 0.1810 0.0002 0.0187 0.0153 0.0004 
       OP100 0.7574 0.0941 0.0002 0.1372 0.0093 0.0019 
     PIME024 0.7767 0.0552 0.0003 0.0396 0.1279 0.0004 
     PIME062 0.7846 0.0653 0.0001 0.0433 0.1064 0.0003 
     PIME079 0.8142 0.0808 0.0005 0.0217 0.0824 0.0003 
     PIME134 0.7827 0.0018 0.0094 0.0014 0.1599 0.0449 
     PIME135 0.7734 0.0010 0.0040 0.0008 0.1907 0.0301 
     PIME169 0.7895 0.0688 0.0001 0.0432 0.0978 0.0006 
     PIME460 0.7802 0.0817 0.0002 0.0649 0.0725 0.0005 
     PIME482 0.7908 0.0020 0.0011 0.0031 0.1956 0.0074 
     PIME521 0.8003 0.0031 0.0008 0.0065 0.1631 0.0264 
     PIME522 0.7811 0.0032 0.0010 0.0054 0.2066 0.0027 
    PPBIO221 0.7970 0.0011 0.0318 0.0015 0.1173 0.0513 
    PPBIO305 0.7817 0.0009 0.0380 0.0020 0.1418 0.0357 
      PPS041 0.7954 0.0279 0.0003 0.1351 0.0401 0.0012 
      PPS174 0.8045 0.0008 0.0004 0.0119 0.1821 0.0003 
      PPS221 0.8082 0.0247 0.0002 0.1515 0.0147 0.0007 
      PPS352 0.8051 0.0371 0.0016 0.1184 0.0331 0.0046 
      PUC008 0.7834 0.1760 0.0001 0.0055 0.0347 0.0003 
      RDO007 0.7603 0.0009 0.0667 0.0046 0.0842 0.0834 
      TLP025 0.7871 0.0052 0.0002 0.0485 0.1585 0.0005 
      TLP123 0.7731 0.0028 0.0001 0.0832 0.1405 0.0003 
    UFAC1007 0.8106 0.1775 0.0004 0.0064 0.0046 0.0004 
     UFAC305 0.7862 0.1807 0.0001 0.0273 0.0055 0.0002 
     UFAC476 0.8110 0.1812 0.0001 0.0050 0.0024 0.0003 
      UHE442 0.7493 0.0051 0.0258 0.0028 0.1658 0.0513 
      UNA002 0.7128 0.0004 0.2682 0.0003 0.0009 0.0173 
      UNA018 0.7031 0.0003 0.2844 0.0004 0.0010 0.0109 
      UNA088 0.7323 0.0008 0.2376 0.0010 0.0041 0.0243 
      UNA110 0.7046 0.0003 0.2749 0.0003 0.0008 0.0190 
      UNA124 0.7315 0.0005 0.2588 0.0008 0.0018 0.0066 
       WM281 0.8010 0.0073 0.0089 0.0118 0.1587 0.0123 
       WM293 0.7652 0.0016 0.0020 0.0013 0.1936 0.0364 
