      AMA340 0.0033 0.6270 0.3689 0.0006 0.0003 
      AMA601 0.0101 0.6431 0.3460 0.0003 0.0005 
      AMA656 0.0127 0.6525 0.3338 0.0005 0.0005 
    AMANA034 0.0965 0.7152 0.1853 0.0015 0.0016 
    AMANA137 0.1059 0.7266 0.1633 0.0008 0.0034 
      AMZ551 0.1612 0.6674 0.1423 0.0265 0.0026 
      AMZ610 0.1502 0.6815 0.1526 0.0150 0.0007 
       B4615 0.0021 0.6248 0.3724 0.0004 0.0003 
       B5082 0.0055 0.6370 0.3565 0.0005 0.0005 
       BR033 0.1934 0.7313 0.0636 0.0093 0.0025 
       BR036 0.1916 0.7347 0.0685 0.0016 0.0035 
     BR36440 0.0087 0.6486 0.3385 0.0025 0.0017 
      CAM117 0.0055 0.6166 0.3768 0.0007 0.0004 
      CPE012 0.0011 0.5603 0.0013 0.3796 0.0576 
      CPE025 0.0033 0.5751 0.0011 0.3639 0.0566 
      CPE049 0.0025 0.6023 0.0019 0.3432 0.0501 
      CPE069 0.0060 0.5631 0.0019 0.3844 0.0447 
    CPEII008 0.0016 0.5624 0.0010 0.3839 0.0510 
      CUJ027 0.0181 0.6401 0.3406 0.0004 0.0008 
      CUJ072 0.0181 0.6574 0.3237 0.0003 0.0005 
      FPR006 0.0926 0.6730 0.2339 0.0003 0.0003 
      FPR015 0.0992 0.7114 0.1852 0.0018 0.0024 
      FPR021 0.1417 0.6838 0.1738 0.0004 0.0003 
    GAPTO259 0.0025 0.6486 0.0027 0.0954 0.2508 
    GAPTO268 0.0015 0.6539 0.0018 0.0859 0.2568 
    GAPTO277 0.0092 0.7147 0.0078 0.0861 0.1823 
    GAPTO327 0.0024 0.6502 0.0043 0.0972 0.2459 
      MAM010 0.1026 0.6890 0.2053 0.0007 0.0024 
      MAR092 0.0935 0.7092 0.1948 0.0017 0.0008 
       MF005 0.1616 0.7236 0.0569 0.0264 0.0315 
     MPDS628 0.0918 0.7300 0.1739 0.0021 0.0022 
      MSF107 0.1369 0.7528 0.0527 0.0511 0.0064 
       MT087 0.2327 0.6308 0.1360 0.0002 0.0003 
       MT123 0.2607 0.6335 0.1055 0.0002 0.0002 
       OM022 0.0375 0.6377 0.3241 0.0004 0.0003 
       OM112 0.0253 0.6275 0.3464 0.0003 0.0005 
       OM172 0.0227 0.6504 0.3258 0.0006 0.0005 
       OP100 0.1435 0.6437 0.2117 0.0005 0.0006 
     PIME024 0.1418 0.6948 0.1604 0.0026 0.0004 
     PIME062 0.1266 0.6941 0.1788 0.0003 0.0003 
     PIME079 0.0821 0.7111 0.2031 0.0033 0.0004 
     PIME134 0.1107 0.7306 0.0593 0.0431 0.0563 
     PIME135 0.1317 0.7415 0.0509 0.0352 0.0407 
     PIME169 0.1149 0.7038 0.1802 0.0005 0.0007 
     PIME460 0.1163 0.6783 0.2045 0.0006 0.0004 
     PIME482 0.1457 0.7499 0.0669 0.0197 0.0178 
     PIME521 0.1245 0.7587 0.0676 0.0143 0.0349 
     PIME522 0.1591 0.7298 0.0773 0.0227 0.0112 
    PPBIO221 0.0820 0.7448 0.0419 0.0721 0.0592 
    PPBIO305 0.1021 0.7304 0.0416 0.0819 0.0439 
      PPS041 0.1745 0.6871 0.1372 0.0006 0.0006 
      PPS174 0.1572 0.7791 0.0592 0.0041 0.0004 
      PPS221 0.1690 0.6956 0.1346 0.0004 0.0004 
      PPS352 0.1422 0.7056 0.1470 0.0028 0.0023 
      PUC008 0.0288 0.6515 0.3190 0.0004 0.0003 
      RDO007 0.0610 0.6916 0.0270 0.1215 0.0990 
      TLP025 0.1849 0.7272 0.0862 0.0012 0.0005 
      TLP123 0.2039 0.7207 0.0748 0.0003 0.0003 
    UFAC1007 0.0052 0.6550 0.3383 0.0010 0.0005 
     UFAC305 0.0166 0.6400 0.3429 0.0003 0.0002 
     UFAC476 0.0030 0.6563 0.3400 0.0003 0.0004 
      UHE442 0.1169 0.6865 0.0658 0.0654 0.0654 
      UNA002 0.0010 0.5690 0.0010 0.4054 0.0237 
      UNA018 0.0011 0.5610 0.0007 0.4183 0.0190 
      UNA088 0.0040 0.5985 0.0033 0.3625 0.0317 
      UNA110 0.0008 0.5625 0.0008 0.4108 0.0250 
      UNA124 0.0023 0.5846 0.0017 0.3957 0.0158 
       WM281 0.1231 0.7302 0.0861 0.0389 0.0218 
       WM293 0.1383 0.7275 0.0579 0.0308 0.0455 
