0.104039 0.097683 0.106607 0.099806 0.112416 0.115591 0.115623 0.093425 0.113119 0.119233 0.107462 0.104928 0.116054 0.115591 0.107887 0.103506 0.114958 0.100836 0.100222 0.118663 0.116379 0.115117 0.118781 0.107798 0.109147 0.106620 0.109204 0.107031 0.103179 0.099059 0.107855 0.114354 0.110909 0.109683 0.098223 0.113856 0.098029 0.110032 0.121315
0.097683 0.083575 0.092969 0.087327 0.105673 0.102409 0.102450 0.083320 0.106086 0.106009 0.099546 0.097495 0.102293 0.102382 0.094104 0.091229 0.101444 0.088354 0.087067 0.106267 0.105372 0.104485 0.105227 0.093961 0.095899 0.092822 0.095944 0.093834 0.089944 0.086654 0.095279 0.104570 0.097685 0.096845 0.091099 0.104274 0.090764 0.096799 0.108091
0.106607 0.092969 0.101387 0.096201 0.114597 0.111297 0.111335 0.092236 0.115010 0.114916 0.108471 0.106419 0.111442 0.111288 0.103270 0.100128 0.110475 0.097271 0.095953 0.115147 0.114291 0.113393 0.114283 0.103155 0.104811 0.101773 0.104784 0.102722 0.098852 0.095534 0.104159 0.113501 0.106592 0.105717 0.100022 0.113192 0.099688 0.105706 0.116998
0.099806 0.087327 0.096201 0.084459 0.107794 0.103942 0.103954 0.085157 0.108201 0.107675 0.101693 0.099622 0.105725 0.104004 0.097501 0.093338 0.103926 0.091060 0.088515 0.105437 0.107606 0.105730 0.107909 0.097398 0.097635 0.096244 0.097764 0.095420 0.091642 0.085821 0.094953 0.106902 0.099350 0.097000 0.093211 0.106187 0.092871 0.098492 0.109757
0.112416 0.105673 0.114597 0.107794 0.119363 0.123580 0.123612 0.101407 0.120918 0.127222 0.115482 0.112942 0.124043 0.123580 0.115877 0.111494 0.122948 0.108826 0.108211 0.126650 0.124367 0.123100 0.126771 0.115788 0.117136 0.114610 0.117193 0.115020 0.111168 0.107046 0.115843 0.122356 0.118898 0.117671 0.106055 0.121834 0.105901 0.118021 0.129304
0.115591 0.102409 0.111297 0.103942 0.123580 0.115793 0.116111 0.101114 0.123990 0.120148 0.117463 0.115404 0.120815 0.116549 0.112459 0.109110 0.117454 0.106483 0.100724 0.122623 0.123319 0.122045 0.121790 0.112351 0.110056 0.111335 0.110663 0.107611 0.104072 0.102995 0.111023 0.122563 0.111825 0.112332 0.109002 0.122098 0.108665 0.110922 0.122230
0.115623 0.102450 0.111335 0.103954 0.123612 0.116111 0.115793 0.101145 0.124022 0.120301 0.117495 0.115436 0.120856 0.116701 0.112505 0.109142 0.117554 0.106518 0.100827 0.122644 0.123351 0.122073 0.121883 0.112398 0.110211 0.111375 0.110724 0.107743 0.104227 0.103015 0.111057 0.122596 0.111979 0.112311 0.109034 0.122129 0.108697 0.111077 0.122384
0.093425 0.083320 0.092236 0.085157 0.101407 0.101114 0.101145 0.077446 0.101803 0.104763 0.095367 0.093250 0.101695 0.101118 0.093523 0.088946 0.100537 0.086468 0.085741 0.103983 0.101875 0.099886 0.104374 0.093432 0.094682 0.092253 0.094746 0.092558 0.088711 0.084382 0.093217 0.101039 0.096439 0.095124 0.086806 0.099343 0.086456 0.095564 0.106845
0.113119 0.106086 0.115010 0.108201 0.120918 0.123990 0.124022 0.101803 0.119872 0.127633 0.115963 0.113427 0.124457 0.123991 0.116290 0.111903 0.123359 0.109238 0.108622 0.127057 0.124775 0.123497 0.127183 0.116201 0.117547 0.115023 0.117604 0.115431 0.111579 0.107453 0.116251 0.122798 0.119309 0.118081 0.105578 0.122217 0.105874 0.118432 0.129715
0.119233 0.106009 0.114916 0.107675 0.127222 0.120148 0.120301 0.104763 0.127633 0.104401 0.121104 0.119046 0.124408 0.113767 0.116002 0.112756 0.120717 0.110114 0.104898 0.126265 0.126959 0.125705 0.124776 0.115911 0.112500 0.114944 0.114483 0.111519 0.104167 0.106683 0.114810 0.126200 0.108589 0.116239 0.112644 0.125745 0.112308 0.110864 0.106484
0.107462 0.099546 0.108471 0.101693 0.115482 0.117463 0.117495 0.095367 0.115963 0.121104 0.107224 0.107141 0.117916 0.117463 0.109750 0.105387 0.116826 0.102701 0.102095 0.120552 0.118263 0.117054 0.120648 0.109661 0.111018 0.108483 0.111074 0.108903 0.105050 0.100947 0.109740 0.116068 0.112780 0.111562 0.101012 0.115852 0.100734 0.111903 0.123187
0.104928 0.097495 0.106419 0.099622 0.112942 0.115404 0.115436 0.093250 0.113427 0.119046 0.107141 0.103787 0.115865 0.115404 0.107699 0.103320 0.114770 0.100647 0.100036 0.118479 0.116193 0.114943 0.118593 0.107610 0.108960 0.106431 0.109017 0.106844 0.102992 0.098875 0.107670 0.114148 0.110722 0.109497 0.098481 0.113696 0.098216 0.109845 0.121128
0.116054 0.102293 0.111442 0.105725 0.124043 0.120815 0.120856 0.101695 0.124457 0.124408 0.117916 0.115865 0.120227 0.120782 0.112350 0.109614 0.119840 0.106730 0.105472 0.124665 0.123746 0.122865 0.123536 0.112305 0.114297 0.111356 0.114364 0.112240 0.108343 0.105052 0.113679 0.122936 0.116085 0.115249 0.109469 0.122648 0.109135 0.115198 0.126490
0.115591 0.102382 0.111288 0.104004 0.123580 0.116549 0.116701 0.101118 0.123991 0.113767 0.117463 0.115404 0.120782 0.096716 0.112380 0.109116 0.117127 0.106480 0.101291 0.122514 0.123319 0.122053 0.121197 0.112288 0.108962 0.111318 0.110880 0.107925 0.100818 0.102961 0.111104 0.122561 0.105239 0.112601 0.109003 0.122101 0.108666 0.107418 0.115849
0.107887 0.094104 0.103270 0.097501 0.115877 0.112459 0.112505 0.093523 0.116290 0.116002 0.109750 0.107699 0.112350 0.112380 0.101894 0.101443 0.111415 0.098571 0.097121 0.116429 0.115580 0.114682 0.114477 0.103870 0.105878 0.103182 0.106051 0.103880 0.099934 0.096816 0.105416 0.114774 0.107679 0.106977 0.101303 0.114477 0.100968 0.106790 0.118084
0.103506 0.091229 0.100128 0.093338 0.111494 0.109110 0.109142 0.088946 0.111903 0.112756 0.105387 0.103320 0.109614 0.109116 0.101443 0.090014 0.108490 0.094471 0.093743 0.112280 0.111002 0.110037 0.112324 0.101350 0.102669 0.100154 0.102716 0.100550 0.096701 0.092673 0.101452 0.110587 0.104432 0.103213 0.096914 0.109954 0.096575 0.103554 0.114838
0.114958 0.101444 0.110475 0.103926 0.122948 0.117454 0.117554 0.100537 0.123359 0.120717 0.116826 0.114770 0.119840 0.117127 0.111415 0.108490 0.101887 0.105744 0.102172 0.122723 0.122668 0.121573 0.121317 0.110824 0.110550 0.110442 0.111350 0.108837 0.104629 0.103106 0.111431 0.121888 0.112395 0.112856 0.108371 0.121506 0.108036 0.111486 0.122799
0.100836 0.088354 0.097271 0.091060 0.108826 0.106483 0.106518 0.086468 0.109238 0.110114 0.102701 0.100647 0.106730 0.106480 0.098571 0.094471 0.105744 0.089125 0.091128 0.109995 0.108219 0.107734 0.109546 0.098481 0.100017 0.097286 0.100052 0.097917 0.094054 0.090385 0.099089 0.107773 0.101790 0.100742 0.094251 0.107417 0.093915 0.100908 0.112196
0.100222 0.087067 0.095953 0.088515 0.108211 0.100724 0.100827 0.085741 0.108622 0.104898 0.102095 0.100036 0.105472 0.101291 0.097121 0.093743 0.102172 0.091128 0.082974 0.107131 0.107953 0.106656 0.106493 0.097014 0.094815 0.095993 0.095403 0.092393 0.088828 0.087495 0.095227 0.107199 0.096575 0.096910 0.093633 0.106726 0.093297 0.095677 0.106980
0.118663 0.106267 0.115147 0.105437 0.126650 0.122623 0.122644 0.103983 0.127057 0.126265 0.120552 0.118479 0.124665 0.122514 0.116429 0.112280 0.122723 0.109995 0.107131 0.116053 0.126487 0.124492 0.126729 0.116326 0.116319 0.115187 0.116523 0.114112 0.110285 0.101616 0.111518 0.125779 0.117937 0.115868 0.112066 0.125022 0.111726 0.117130 0.128347
0.116379 0.105372 0.114291 0.107606 0.124367 0.123319 0.123351 0.101875 0.124775 0.126959 0.118263 0.116193 0.123746 0.123319 0.115580 0.111002 0.122668 0.108219 0.107953 0.126487 0.120418 0.123384 0.126489 0.115490 0.116871 0.114305 0.116922 0.114757 0.110904 0.106882 0.115658 0.123586 0.118635 0.117444 0.109785 0.122842 0.109445 0.117757 0.129041
0.115117 0.104485 0.113393 0.105730 0.123100 0.122045 0.122073 0.099886 0.123497 0.125705 0.117054 0.114943 0.122865 0.122053 0.114682 0.110037 0.121573 0.107734 0.106656 0.124492 0.123384 0.110986 0.125445 0.114589 0.115633 0.113415 0.115706 0.113494 0.109658 0.104895 0.113827 0.122637 0.117380 0.115884 0.108501 0.121054 0.108151 0.116509 0.127787
0.118781 0.105227 0.114283 0.107909 0.126771 0.121790 0.121883 0.104374 0.127183 0.124776 0.120648 0.118593 0.123536 0.121197 0.114477 0.112324 0.121317 0.109546 0.106493 0.126729 0.126489 0.125445 0.100374 0.115036 0.114585 0.114244 0.115696 0.113189 0.108661 0.107116 0.115502 0.125701 0.116456 0.116980 0.112195 0.125340 0.111860 0.115542 0.126859
0.107798 0.093961 0.103155 0.097398 0.115788 0.112351 0.112398 0.093432 0.116201 0.115911 0.109661 0.107610 0.112305 0.112288 0.103870 0.101350 0.110824 0.098481 0.097014 0.116326 0.115490 0.114589 0.115036 0.101767 0.105793 0.103055 0.105931 0.103773 0.099844 0.096713 0.105310 0.114687 0.107588 0.106869 0.101214 0.114387 0.100879 0.106700 0.117994
0.109147 0.095899 0.104811 0.097635 0.117136 0.110056 0.110211 0.094682 0.117547 0.112500 0.111018 0.108960 0.114297 0.108962 0.105878 0.102669 0.110550 0.100017 0.094815 0.116319 0.116871 0.115633 0.114585 0.105793 0.101230 0.104838 0.104384 0.101421 0.096354 0.096704 0.104817 0.116110 0.104182 0.106173 0.102558 0.115662 0.102222 0.103238 0.114582
0.106620 0.092822 0.101773 0.096244 0.114610 0.111335 0.111375 0.092253 0.115023 0.114944 0.108483 0.106431 0.111356 0.111318 0.103182 0.100154 0.110442 0.097286 0.095993 0.115187 0.114305 0.113415 0.114244 0.103055 0.104838 0.101477 0.104850 0.102760 0.098880 0.095574 0.104199 0.113510 0.106621 0.105763 0.100035 0.113208 0.099700 0.105735 0.117027
0.109204 0.095944 0.104784 0.097764 0.117193 0.110663 0.110724 0.094746 0.117604 0.114483 0.111074 0.109017 0.114364 0.110880 0.106051 0.102716 0.111350 0.100052 0.095403 0.116523 0.116922 0.115706 0.115696 0.105931 0.104384 0.104850 0.101387 0.101972 0.098408 0.096897 0.105112 0.116161 0.106160 0.106356 0.102616 0.115724 0.102279 0.105259 0.116565
0.107031 0.093834 0.102722 0.095420 0.115020 0.107611 0.107743 0.092558 0.115431 0.111519 0.108903 0.106844 0.112240 0.107925 0.103880 0.100550 0.108837 0.097917 0.092393 0.114112 0.114757 0.113494 0.113189 0.103773 0.101421 0.102760 0.101972 0.098521 0.095440 0.094486 0.102553 0.114000 0.103196 0.103847 0.100442 0.113540 0.100105 0.102290 0.113601
0.103179 0.089944 0.098852 0.091642 0.111168 0.104072 0.104227 0.088711 0.111579 0.104167 0.105050 0.102992 0.108343 0.100818 0.099934 0.096701 0.104629 0.094054 0.088828 0.110285 0.110904 0.109658 0.108661 0.099844 0.096354 0.098880 0.098408 0.095440 0.086080 0.090684 0.098800 0.110144 0.095896 0.100186 0.096590 0.109692 0.096254 0.095299 0.106249
0.099059 0.086654 0.095534 0.085821 0.107046 0.102995 0.103015 0.084382 0.107453 0.106683 0.100947 0.098875 0.105052 0.102961 0.096816 0.092673 0.103106 0.090385 0.087495 0.101616 0.106882 0.104895 0.107116 0.096713 0.096704 0.095574 0.096897 0.094486 0.090684 0.080736 0.091508 0.106173 0.098356 0.096216 0.092462 0.105420 0.092122 0.097530 0.108766
0.107855 0.095279 0.104159 0.094953 0.115843 0.111023 0.111057 0.093217 0.116251 0.114810 0.109740 0.107670 0.113679 0.111104 0.105416 0.101452 0.111431 0.099089 0.095227 0.111518 0.115658 0.113827 0.115502 0.105310 0.104817 0.104199 0.105112 0.102553 0.098800 0.091508 0.083253 0.114938 0.106483 0.104831 0.101261 0.114246 0.100921 0.105646 0.116892
0.114354 0.104570 0.113501 0.106902 0.122356 0.122563 0.122596 0.101039 0.122798 0.126200 0.116068 0.114148 0.122936 0.122561 0.114774 0.110587 0.121888 0.107773 0.107199 0.125779 0.123586 0.122637 0.125701 0.114687 0.116110 0.113510 0.116161 0.114000 0.110144 0.106173 0.114938 0.116865 0.117876 0.116713 0.107825 0.121723 0.107512 0.116997 0.128282
0.110909 0.097685 0.106592 0.099350 0.118898 0.111825 0.111979 0.096439 0.119309 0.108589 0.112780 0.110722 0.116085 0.105239 0.107679 0.104432 0.112395 0.101790 0.096575 0.117937 0.118635 0.117380 0.116456 0.107588 0.104182 0.106621 0.106160 0.103196 0.095896 0.098356 0.106483 0.117876 0.098482 0.107914 0.104320 0.117421 0.103984 0.102533 0.110671
0.109683 0.096845 0.105717 0.097000 0.117671 0.112332 0.112311 0.095124 0.118081 0.116239 0.111562 0.109497 0.115249 0.112601 0.106977 0.103213 0.112856 0.100742 0.096910 0.115868 0.117444 0.115884 0.116980 0.106869 0.106173 0.105763 0.106356 0.103847 0.100186 0.096216 0.104831 0.116713 0.107914 0.101387 0.103091 0.116128 0.102753 0.107036 0.118321
0.098223 0.091099 0.100022 0.093211 0.106055 0.109002 0.109034 0.086806 0.105578 0.112644 0.101012 0.098481 0.109469 0.109003 0.101303 0.096914 0.108371 0.094251 0.093633 0.112066 0.109785 0.108501 0.112195 0.101214 0.102558 0.100035 0.102616 0.100442 0.096590 0.092462 0.101261 0.107825 0.104320 0.103091 0.088925 0.107215 0.090625 0.103443 0.114726
0.113856 0.104274 0.113192 0.106187 0.121834 0.122098 0.122129 0.099343 0.122217 0.125745 0.115852 0.113696 0.122648 0.122101 0.114477 0.109954 0.121506 0.107417 0.106726 0.125022 0.122842 0.121054 0.125340 0.114387 0.115662 0.113208 0.115724 0.113540 0.109692 0.105420 0.114246 0.121723 0.117421 0.116128 0.107215 0.112593 0.106855 0.116545 0.127827
0.098029 0.090764 0.099688 0.092871 0.105901 0.108665 0.108697 0.086456 0.105874 0.112308 0.100734 0.098216 0.109135 0.108666 0.100968 0.096575 0.108036 0.093915 0.093297 0.111726 0.109445 0.108151 0.111860 0.100879 0.102222 0.099700 0.102279 0.100105 0.096254 0.092122 0.100921 0.107512 0.103984 0.102753 0.090625 0.106855 0.089358 0.103107 0.114390
0.110032 0.096799 0.105706 0.098492 0.118021 0.110922 0.111077 0.095564 0.118432 0.110864 0.111903 0.109845 0.115198 0.107418 0.106790 0.103554 0.111486 0.100908 0.095677 0.117130 0.117757 0.116509 0.115542 0.106700 0.103238 0.105735 0.105259 0.102290 0.095299 0.097530 0.105646 0.116997 0.102533 0.107036 0.103443 0.116545 0.103107 0.100197 0.112946
0.121315 0.108091 0.116998 0.109757 0.129304 0.122230 0.122384 0.106845 0.129715 0.106484 0.123187 0.121128 0.126490 0.115849 0.118084 0.114838 0.122799 0.112196 0.106980 0.128347 0.129041 0.127787 0.126859 0.117994 0.114582 0.117027 0.116565 0.113601 0.106249 0.108766 0.116892 0.128282 0.110671 0.118321 0.114726 0.127827 0.114390 0.112946 0.093079
