      AMA340 0.0016 0.9975 0.0010 
      AMA601 0.0038 0.9957 0.0006 
      AMA656 0.0043 0.9947 0.0010 
    AMANA034 0.0680 0.9274 0.0046 
    AMANA137 0.1619 0.8362 0.0020 
      AMZ551 0.1734 0.7353 0.0914 
      AMZ610 0.0746 0.8500 0.0754 
       B4615 0.0016 0.9977 0.0007 
       B5082 0.0027 0.9963 0.0009 
       BR033 0.3322 0.6391 0.0287 
       BR036 0.3266 0.6711 0.0024 
     BR36440 0.0106 0.9845 0.0049 
      CAM117 0.0019 0.9968 0.0013 
      CPE012 0.1131 0.0035 0.8835 
      CPE025 0.1314 0.0040 0.8646 
      CPE049 0.1399 0.0090 0.8511 
      CPE069 0.0742 0.0063 0.9195 
    CPEII008 0.0955 0.0029 0.9016 
      CUJ027 0.0075 0.9915 0.0009 
      CUJ072 0.0077 0.9917 0.0007 
      FPR006 0.0454 0.9538 0.0009 
      FPR015 0.1578 0.8381 0.0041 
      FPR021 0.1258 0.8732 0.0010 
    GAPTO259 0.7565 0.0044 0.2391 
    GAPTO268 0.7758 0.0038 0.2204 
    GAPTO277 0.6924 0.0661 0.2415 
    GAPTO327 0.7428 0.0060 0.2512 
      MAM010 0.1194 0.8790 0.0016 
      MAR092 0.1031 0.8901 0.0068 
       MF005 0.3570 0.5539 0.0891 
     MPDS628 0.1527 0.8423 0.0050 
      MSF107 0.3710 0.5252 0.1038 
       MT087 0.1118 0.8871 0.0011 
       MT123 0.0938 0.9057 0.0005 
       OM022 0.0113 0.9873 0.0014 
       OM112 0.0046 0.9948 0.0006 
       OM172 0.0074 0.9912 0.0014 
       OP100 0.0989 0.8995 0.0015 
     PIME024 0.1395 0.8449 0.0155 
     PIME062 0.1042 0.8951 0.0007 
     PIME079 0.0540 0.9215 0.0245 
     PIME134 0.3755 0.5062 0.1183 
     PIME135 0.4036 0.4975 0.0990 
     PIME169 0.1313 0.8673 0.0015 
     PIME460 0.0892 0.9089 0.0019 
     PIME482 0.3170 0.6193 0.0637 
     PIME521 0.3727 0.6085 0.0188 
     PIME522 0.2761 0.6428 0.0811 
    PPBIO221 0.3857 0.4286 0.1857 
    PPBIO305 0.3563 0.4278 0.2160 
      PPS041 0.1227 0.8745 0.0028 
      PPS174 0.3019 0.6815 0.0166 
      PPS221 0.1017 0.8970 0.0012 
      PPS352 0.1426 0.8483 0.0091 
      PUC008 0.0068 0.9923 0.0008 
      RDO007 0.4384 0.2556 0.3061 
      TLP025 0.2420 0.7543 0.0037 
      TLP123 0.2259 0.7731 0.0010 
    UFAC1007 0.0045 0.9935 0.0020 
     UFAC305 0.0017 0.9978 0.0005 
     UFAC476 0.0029 0.9965 0.0006 
      UHE442 0.3669 0.4585 0.1746 
      UNA002 0.0107 0.0033 0.9861 
      UNA018 0.0044 0.0024 0.9932 
      UNA088 0.0693 0.0339 0.8967 
      UNA110 0.0091 0.0030 0.9879 
      UNA124 0.0090 0.0098 0.9812 
       WM281 0.2491 0.6241 0.1268 
       WM293 0.3757 0.5230 0.1013 
