      AMA340 0.0034 0.0003 0.2689 0.0003 0.7271 
      AMA601 0.0099 0.0006 0.2497 0.0002 0.7397 
      AMA656 0.0137 0.0006 0.2355 0.0003 0.7500 
    AMANA034 0.1025 0.0021 0.1093 0.0009 0.7853 
    AMANA137 0.1156 0.0058 0.0922 0.0005 0.7859 
      AMZ551 0.1659 0.0047 0.0837 0.0150 0.7307 
      AMZ610 0.1509 0.0009 0.0810 0.0077 0.7595 
       B4615 0.0022 0.0003 0.2727 0.0002 0.7246 
       B5082 0.0046 0.0005 0.2576 0.0003 0.7369 
       BR033 0.2135 0.0067 0.0190 0.0036 0.7572 
       BR036 0.2040 0.0101 0.0220 0.0006 0.7633 
     BR36440 0.0094 0.0018 0.2371 0.0016 0.7501 
      CAM117 0.0033 0.0004 0.2814 0.0004 0.7145 
      CPE012 0.0015 0.0456 0.0007 0.3075 0.6447 
      CPE025 0.0048 0.0447 0.0007 0.2965 0.6533 
      CPE049 0.0037 0.0396 0.0012 0.2746 0.6810 
      CPE069 0.0079 0.0322 0.0011 0.3109 0.6480 
    CPEII008 0.0023 0.0387 0.0006 0.3113 0.6470 
      CUJ027 0.0173 0.0010 0.2484 0.0002 0.7331 
      CUJ072 0.0195 0.0006 0.2323 0.0002 0.7474 
      FPR006 0.1012 0.0004 0.1551 0.0002 0.7431 
      FPR015 0.1093 0.0049 0.1143 0.0006 0.7709 
      FPR021 0.1439 0.0008 0.1050 0.0002 0.7501 
    GAPTO259 0.0120 0.2450 0.0015 0.0641 0.6774 
    GAPTO268 0.0073 0.2572 0.0012 0.0563 0.6780 
    GAPTO277 0.0228 0.1777 0.0025 0.0562 0.7407 
    GAPTO327 0.0116 0.2412 0.0017 0.0650 0.6806 
      MAM010 0.1032 0.0046 0.1300 0.0004 0.7618 
      MAR092 0.1005 0.0010 0.1187 0.0010 0.7788 
       MF005 0.1838 0.0382 0.0194 0.0112 0.7473 
     MPDS628 0.1038 0.0031 0.0998 0.0011 0.7922 
      MSF107 0.1496 0.0129 0.0148 0.0291 0.7936 
       MT087 0.1960 0.0003 0.0816 0.0002 0.7219 
       MT123 0.2205 0.0002 0.0525 0.0001 0.7267 
       OM022 0.0362 0.0003 0.2388 0.0003 0.7243 
       OM112 0.0255 0.0005 0.2551 0.0002 0.7188 
       OM172 0.0238 0.0005 0.2364 0.0003 0.7391 
       OP100 0.1285 0.0014 0.1461 0.0003 0.7237 
     PIME024 0.1488 0.0008 0.0920 0.0015 0.7569 
     PIME062 0.1318 0.0005 0.1047 0.0002 0.7627 
     PIME079 0.0915 0.0004 0.1237 0.0014 0.7829 
     PIME134 0.1313 0.0591 0.0199 0.0278 0.7619 
     PIME135 0.1556 0.0462 0.0163 0.0219 0.7600 
     PIME169 0.1235 0.0013 0.1080 0.0003 0.7670 
     PIME460 0.1195 0.0006 0.1279 0.0003 0.7517 
     PIME482 0.1686 0.0219 0.0221 0.0087 0.7787 
     PIME521 0.1451 0.0431 0.0230 0.0035 0.7854 
     PIME522 0.1817 0.0127 0.0268 0.0116 0.7673 
    PPBIO221 0.0989 0.0641 0.0120 0.0499 0.7751 
    PPBIO305 0.1197 0.0489 0.0121 0.0585 0.7607 
      PPS041 0.1625 0.0009 0.0719 0.0005 0.7642 
      PPS174 0.1745 0.0007 0.0154 0.0028 0.8066 
      PPS221 0.1573 0.0005 0.0642 0.0002 0.7778 
      PPS352 0.1372 0.0031 0.0823 0.0021 0.7753 
      PUC008 0.0316 0.0004 0.2304 0.0002 0.7374 
      RDO007 0.0776 0.0973 0.0064 0.0903 0.7285 
      TLP025 0.1918 0.0014 0.0310 0.0008 0.7749 
      TLP123 0.2077 0.0006 0.0242 0.0002 0.7672 
    UFAC1007 0.0054 0.0006 0.2385 0.0007 0.7548 
     UFAC305 0.0168 0.0002 0.2453 0.0002 0.7375 
     UFAC476 0.0030 0.0004 0.2414 0.0002 0.7550 
      UHE442 0.1391 0.0666 0.0265 0.0443 0.7234 
      UNA002 0.0010 0.0161 0.0006 0.3251 0.6573 
      UNA018 0.0011 0.0106 0.0004 0.3398 0.6482 
      UNA088 0.0045 0.0233 0.0015 0.2911 0.6796 
      UNA110 0.0008 0.0177 0.0005 0.3311 0.6498 
      UNA124 0.0022 0.0066 0.0009 0.3159 0.6745 
       WM281 0.1418 0.0196 0.0347 0.0254 0.7785 
       WM293 0.1638 0.0513 0.0185 0.0156 0.7508 
