      AMA340 0.5093 0.0022 0.0007 0.4874 0.0004 
      AMA601 0.4839 0.0062 0.0004 0.5086 0.0008 
      AMA656 0.4716 0.0084 0.0007 0.5184 0.0008 
    AMANA034 0.2832 0.0674 0.0021 0.6445 0.0027 
    AMANA137 0.2525 0.0768 0.0012 0.6613 0.0082 
      AMZ551 0.2189 0.1252 0.0458 0.6029 0.0072 
      AMZ610 0.2428 0.1213 0.0283 0.6063 0.0013 
       B4615 0.5177 0.0015 0.0005 0.4797 0.0006 
       B5082 0.5035 0.0049 0.0007 0.4900 0.0008 
       BR033 0.1046 0.1395 0.0185 0.7303 0.0071 
       BR036 0.1168 0.1374 0.0026 0.7323 0.0109 
     BR36440 0.4785 0.0063 0.0033 0.5087 0.0031 
      CAM117 0.5187 0.0046 0.0009 0.4752 0.0006 
      CPE012 0.0018 0.0009 0.5181 0.4226 0.0566 
      CPE025 0.0016 0.0029 0.5085 0.4364 0.0506 
      CPE049 0.0030 0.0022 0.4885 0.4614 0.0449 
      CPE069 0.0024 0.0049 0.5288 0.4264 0.0375 
    CPEII008 0.0013 0.0014 0.5265 0.4249 0.0459 
      CUJ027 0.4749 0.0113 0.0006 0.5115 0.0017 
      CUJ072 0.4590 0.0113 0.0004 0.5285 0.0008 
      FPR006 0.3239 0.0653 0.0004 0.6100 0.0004 
      FPR015 0.2755 0.0710 0.0025 0.6441 0.0069 
      FPR021 0.2578 0.1011 0.0006 0.6395 0.0010 
    GAPTO259 0.0032 0.0022 0.1275 0.4802 0.3868 
    GAPTO268 0.0023 0.0013 0.1140 0.4903 0.3921 
    GAPTO277 0.0098 0.0078 0.1193 0.5779 0.2852 
    GAPTO327 0.0047 0.0020 0.1306 0.4819 0.3808 
      MAM010 0.3026 0.0715 0.0008 0.6138 0.0113 
      MAR092 0.2956 0.0659 0.0028 0.6344 0.0013 
       MF005 0.1003 0.1170 0.0432 0.6826 0.0569 
     MPDS628 0.2741 0.0669 0.0038 0.6516 0.0036 
      MSF107 0.0824 0.1031 0.0830 0.7119 0.0196 
       MT087 0.2246 0.2148 0.0004 0.5595 0.0007 
       MT123 0.1788 0.2555 0.0003 0.5651 0.0004 
       OM022 0.4412 0.0233 0.0006 0.5345 0.0004 
       OM112 0.4722 0.0156 0.0004 0.5112 0.0006 
       OM172 0.4479 0.0144 0.0006 0.5363 0.0007 
       OP100 0.3089 0.1160 0.0008 0.5724 0.0019 
     PIME024 0.2477 0.0982 0.0057 0.6475 0.0008 
     PIME062 0.2666 0.0893 0.0004 0.6429 0.0008 
     PIME079 0.3024 0.0594 0.0044 0.6332 0.0006 
     PIME134 0.1013 0.0824 0.0640 0.6668 0.0854 
     PIME135 0.0871 0.0980 0.0534 0.6957 0.0658 
     PIME169 0.2670 0.0815 0.0008 0.6486 0.0022 
     PIME460 0.3091 0.0808 0.0010 0.6084 0.0008 
     PIME482 0.1130 0.1073 0.0330 0.7171 0.0296 
     PIME521 0.1156 0.0918 0.0170 0.7126 0.0631 
     PIME522 0.1299 0.1164 0.0412 0.6960 0.0166 
    PPBIO221 0.0681 0.0611 0.1023 0.6768 0.0918 
    PPBIO305 0.0679 0.0761 0.1192 0.6676 0.0693 
      PPS041 0.2268 0.1501 0.0013 0.6199 0.0019 
      PPS174 0.0908 0.1153 0.0073 0.7859 0.0008 
      PPS221 0.2217 0.1437 0.0006 0.6330 0.0011 
      PPS352 0.2402 0.1104 0.0044 0.6412 0.0038 
      PUC008 0.4463 0.0190 0.0005 0.5337 0.0005 
      RDO007 0.0369 0.0459 0.1697 0.5997 0.1478 
      TLP025 0.1480 0.1464 0.0024 0.7014 0.0019 
      TLP123 0.1247 0.1594 0.0005 0.7147 0.0007 
    UFAC1007 0.4794 0.0034 0.0015 0.5148 0.0009 
     UFAC305 0.4720 0.0101 0.0003 0.5173 0.0003 
     UFAC476 0.4823 0.0020 0.0004 0.5146 0.0006 
      UHE442 0.1099 0.0860 0.0946 0.6098 0.0998 
      UNA002 0.0013 0.0008 0.5474 0.4303 0.0202 
      UNA018 0.0009 0.0009 0.5584 0.4244 0.0155 
      UNA088 0.0051 0.0031 0.5005 0.4643 0.0270 
      UNA110 0.0012 0.0007 0.5519 0.4255 0.0208 
      UNA124 0.0023 0.0018 0.5396 0.4430 0.0133 
       WM281 0.1472 0.0895 0.0662 0.6711 0.0261 
       WM293 0.0961 0.1029 0.0490 0.6793 0.0726 
