0.103592 0.099312 0.101663 0.099924 0.112120 0.114864 0.113083 0.093355 0.113360 0.118806 0.107659 0.104518 0.115682 0.115498 0.107805 0.103851 0.116006 0.099848 0.100118 0.118279 0.116364 0.114978 0.117329 0.107459 0.109747 0.114551 0.107562 0.105287 0.102750 0.099117 0.107220 0.113354 0.110523 0.109991 0.097876 0.113645 0.097565 0.109417 0.121346
0.099312 0.086930 0.090404 0.089807 0.107487 0.104025 0.102276 0.085265 0.108455 0.107793 0.101977 0.099216 0.104021 0.104510 0.096125 0.093714 0.104724 0.089399 0.089316 0.108168 0.107444 0.106500 0.105857 0.095740 0.098692 0.102989 0.096561 0.094374 0.091712 0.089003 0.096976 0.105858 0.099511 0.099452 0.092874 0.106191 0.092422 0.098380 0.110333
0.101663 0.090404 0.090934 0.092081 0.109838 0.106303 0.104546 0.087598 0.110806 0.110143 0.104330 0.101568 0.106780 0.106856 0.098910 0.096017 0.107222 0.091741 0.091596 0.110449 0.109785 0.108823 0.108505 0.098562 0.101055 0.105156 0.098735 0.096642 0.094067 0.091283 0.099252 0.108227 0.101861 0.101703 0.095224 0.108530 0.094772 0.100735 0.112683
0.099924 0.089807 0.092081 0.086147 0.108097 0.103980 0.102132 0.085489 0.109058 0.108219 0.102613 0.099832 0.106183 0.104865 0.098259 0.094385 0.105830 0.090764 0.089150 0.106140 0.108202 0.106377 0.107467 0.097925 0.099234 0.104903 0.097105 0.094577 0.092210 0.086957 0.095278 0.106717 0.099935 0.098380 0.093473 0.106545 0.093017 0.098874 0.110759
0.112120 0.107487 0.109838 0.108097 0.119254 0.123038 0.121257 0.101523 0.121332 0.126980 0.115859 0.112711 0.123857 0.123672 0.115980 0.112024 0.124181 0.108023 0.108292 0.126452 0.124537 0.123147 0.125504 0.115634 0.117921 0.122725 0.115736 0.113461 0.110924 0.107290 0.115393 0.121540 0.118697 0.118165 0.105886 0.121807 0.105616 0.117591 0.129520
0.114864 0.104025 0.106303 0.103980 0.123038 0.107688 0.112306 0.100633 0.124002 0.119779 0.117541 0.114770 0.120411 0.116460 0.112359 0.109281 0.118271 0.105291 0.099792 0.121903 0.123061 0.121715 0.120763 0.112070 0.110822 0.118837 0.109106 0.105462 0.103754 0.102731 0.110132 0.121529 0.111496 0.111837 0.108419 0.121619 0.107966 0.110410 0.122319
0.113083 0.102276 0.104546 0.102132 0.121257 0.112306 0.105179 0.098845 0.122221 0.118305 0.115760 0.112989 0.118661 0.114983 0.110624 0.107500 0.116704 0.103525 0.098082 0.120072 0.121282 0.119920 0.119105 0.110329 0.109346 0.117110 0.107494 0.104053 0.102282 0.100894 0.108317 0.119752 0.110022 0.109848 0.106638 0.119833 0.106184 0.108939 0.120845
0.093355 0.085265 0.087598 0.085489 0.101523 0.100633 0.098845 0.077745 0.102470 0.104614 0.096092 0.093272 0.101635 0.101299 0.093752 0.089578 0.101868 0.085817 0.085877 0.103837 0.102269 0.099957 0.103234 0.093407 0.095568 0.100481 0.093386 0.091080 0.088566 0.084675 0.092812 0.100580 0.096331 0.095678 0.086879 0.099498 0.086413 0.095232 0.107154
0.113360 0.108455 0.110806 0.109058 0.121332 0.124002 0.122221 0.102470 0.120361 0.127945 0.116896 0.113746 0.124825 0.124637 0.116947 0.112988 0.125147 0.108990 0.109256 0.127413 0.125501 0.124097 0.126471 0.116601 0.118886 0.123693 0.116701 0.114426 0.111890 0.108251 0.116354 0.122537 0.119662 0.119128 0.105968 0.122742 0.106135 0.118556 0.130485
0.118806 0.107793 0.110143 0.108219 0.126980 0.119779 0.118305 0.104614 0.127945 0.104023 0.121480 0.118711 0.124184 0.113667 0.116034 0.113219 0.120962 0.109160 0.105155 0.126108 0.126988 0.125727 0.123767 0.115789 0.112463 0.122590 0.113125 0.110056 0.104427 0.106992 0.114572 0.125447 0.107796 0.116662 0.112362 0.125588 0.111909 0.111148 0.106563
0.107659 0.101977 0.104330 0.102613 0.115859 0.117541 0.115760 0.096092 0.116896 0.121480 0.108664 0.107470 0.118347 0.118172 0.110470 0.106532 0.118677 0.102516 0.102795 0.120968 0.119047 0.117710 0.119997 0.110124 0.112420 0.117217 0.110235 0.107962 0.105424 0.101806 0.109907 0.115893 0.113197 0.112673 0.101351 0.116436 0.100954 0.112091 0.124020
0.104518 0.099216 0.101568 0.099832 0.112711 0.114770 0.112989 0.093272 0.113746 0.118711 0.107470 0.103696 0.115586 0.115404 0.107709 0.103757 0.115911 0.099753 0.100024 0.118187 0.116270 0.114895 0.117234 0.107363 0.109652 0.114455 0.107467 0.105193 0.102656 0.099025 0.107128 0.113243 0.110428 0.109898 0.098205 0.113576 0.097819 0.109322 0.121251
0.115682 0.104021 0.106780 0.106183 0.123857 0.120411 0.118661 0.101635 0.124825 0.124184 0.118347 0.115586 0.120291 0.120900 0.112504 0.110085 0.121129 0.105769 0.105702 0.124546 0.123815 0.122871 0.122239 0.112151 0.115083 0.119527 0.112950 0.110762 0.108102 0.105380 0.113355 0.122227 0.115901 0.115832 0.109244 0.122561 0.108792 0.114771 0.126724
0.115498 0.104510 0.106856 0.104865 0.123672 0.116460 0.114983 0.101299 0.124637 0.113667 0.118172 0.115404 0.120900 0.096677 0.112759 0.109913 0.117771 0.105865 0.101819 0.122670 0.123683 0.122406 0.120552 0.112510 0.109358 0.119312 0.109858 0.106777 0.101461 0.103581 0.111168 0.122143 0.105281 0.113330 0.109054 0.122276 0.108601 0.108142 0.116207
0.107805 0.096125 0.098910 0.098259 0.115980 0.112359 0.110624 0.093752 0.116947 0.116034 0.110470 0.107709 0.112504 0.112759 0.102439 0.102206 0.112982 0.097901 0.097657 0.116604 0.115939 0.114982 0.113320 0.104082 0.106911 0.111622 0.104933 0.102702 0.099942 0.097440 0.105397 0.114353 0.107752 0.107850 0.101366 0.114680 0.100914 0.106612 0.118574
0.103851 0.093714 0.096017 0.094385 0.112024 0.109281 0.107500 0.089578 0.112988 0.113219 0.106532 0.103757 0.110085 0.109913 0.102206 0.091659 0.110413 0.094314 0.094539 0.112794 0.111789 0.110724 0.111739 0.101861 0.104158 0.108932 0.101958 0.099699 0.097162 0.093629 0.101706 0.110594 0.104936 0.104428 0.097404 0.110578 0.096950 0.103829 0.115759
0.116006 0.104724 0.107222 0.105830 0.124181 0.118271 0.116704 0.101868 0.125147 0.120962 0.118677 0.115911 0.121129 0.117771 0.112982 0.110413 0.102200 0.106257 0.103652 0.123950 0.124169 0.123029 0.121451 0.112481 0.111755 0.119505 0.111086 0.108468 0.104783 0.104796 0.112509 0.122610 0.112683 0.114667 0.109564 0.122824 0.109112 0.111454 0.123502
0.099848 0.089399 0.091741 0.090764 0.108023 0.105291 0.103525 0.085817 0.108990 0.109160 0.102516 0.099753 0.105769 0.105865 0.097901 0.094314 0.106257 0.087309 0.090568 0.109144 0.107625 0.107097 0.107504 0.097553 0.100081 0.104660 0.097875 0.095670 0.093091 0.089979 0.098002 0.106454 0.100877 0.100579 0.093409 0.106730 0.092957 0.099759 0.111700
0.100118 0.089316 0.091596 0.089150 0.108292 0.099792 0.098082 0.085877 0.109256 0.105155 0.102795 0.100024 0.105702 0.101819 0.097657 0.094539 0.103652 0.090568 0.083401 0.107017 0.108319 0.106948 0.106086 0.097364 0.096220 0.104151 0.094592 0.091170 0.089148 0.087839 0.095089 0.106789 0.096872 0.096860 0.093673 0.106866 0.093219 0.095804 0.107695
0.118279 0.108168 0.110449 0.106140 0.126452 0.121903 0.120072 0.103837 0.127413 0.126108 0.120968 0.118187 0.124546 0.122670 0.116604 0.112794 0.123950 0.109144 0.107017 0.115703 0.126568 0.124711 0.125697 0.116276 0.117224 0.123232 0.115204 0.112565 0.110177 0.102115 0.111013 0.125075 0.117821 0.116533 0.111827 0.124893 0.111371 0.116840 0.128648
0.116364 0.107444 0.109785 0.108202 0.124537 0.123061 0.121282 0.102269 0.125501 0.126988 0.119047 0.116270 0.123815 0.123683 0.115939 0.111789 0.124169 0.107625 0.108319 0.126568 0.120256 0.123707 0.125478 0.115592 0.117925 0.122683 0.115734 0.113474 0.110930 0.107406 0.115490 0.123219 0.118705 0.118221 0.109917 0.123182 0.109463 0.117597 0.129528
0.114978 0.106500 0.108823 0.106377 0.123147 0.121715 0.119920 0.099957 0.124097 0.125727 0.117710 0.114895 0.122871 0.122406 0.114982 0.110724 0.123029 0.107097 0.106948 0.124711 0.123707 0.117602 0.124434 0.114640 0.116689 0.121699 0.114520 0.112181 0.109684 0.105551 0.113721 0.122124 0.117443 0.116696 0.108506 0.121194 0.108041 0.116350 0.128267
0.117329 0.105857 0.108505 0.107467 0.125504 0.120763 0.119105 0.103234 0.126471 0.123767 0.119997 0.117234 0.122239 0.120552 0.113320 0.111739 0.121451 0.107504 0.106086 0.125697 0.125478 0.124434 0.102161 0.113823 0.114534 0.121132 0.113552 0.111071 0.107604 0.106538 0.114374 0.123907 0.115488 0.116708 0.110889 0.124176 0.110437 0.114289 0.126308
0.107459 0.095740 0.098562 0.097925 0.115634 0.112070 0.110329 0.093407 0.116601 0.115789 0.110124 0.107363 0.112151 0.112510 0.104082 0.101861 0.112481 0.097553 0.097364 0.116276 0.115592 0.114640 0.113823 0.102548 0.106678 0.111250 0.104624 0.102416 0.099702 0.097112 0.105074 0.114006 0.107506 0.107540 0.101020 0.114335 0.100568 0.106371 0.118329
0.109747 0.098692 0.101055 0.099234 0.117921 0.110822 0.109346 0.095568 0.118886 0.112463 0.112420 0.109652 0.115083 0.109358 0.106911 0.104158 0.111755 0.100081 0.096220 0.117224 0.117925 0.116689 0.114534 0.106678 0.102439 0.113493 0.104070 0.101040 0.096173 0.098076 0.105659 0.116381 0.104187 0.107685 0.103304 0.116537 0.102851 0.102867 0.115003
0.114551 0.102989 0.105156 0.104903 0.122725 0.118837 0.117110 0.100481 0.123693 0.122590 0.117217 0.114455 0.119527 0.119312 0.111622 0.108932 0.119505 0.104660 0.104151 0.123232 0.122683 0.121699 0.121132 0.111250 0.113493 0.090771 0.111118 0.109121 0.106504 0.104068 0.111998 0.121113 0.114308 0.114404 0.108111 0.121414 0.107659 0.113172 0.125130
0.107562 0.096561 0.098735 0.097105 0.115736 0.109106 0.107494 0.093386 0.116701 0.113125 0.110235 0.107467 0.112950 0.109858 0.104933 0.101958 0.111086 0.097875 0.094592 0.115204 0.115734 0.114520 0.113552 0.104624 0.104070 0.111118 0.094628 0.098814 0.097037 0.096041 0.103679 0.114195 0.104843 0.105698 0.101119 0.114354 0.100666 0.103698 0.115665
0.105287 0.094374 0.096642 0.094577 0.113461 0.105462 0.104053 0.091080 0.114426 0.110056 0.107962 0.105193 0.110762 0.106777 0.102702 0.099699 0.108468 0.095670 0.091170 0.112565 0.113474 0.112181 0.111071 0.102416 0.101040 0.109121 0.098814 0.093484 0.093987 0.093400 0.100899 0.111940 0.101774 0.102750 0.098843 0.112058 0.098389 0.100644 0.112596
0.102750 0.091712 0.094067 0.092210 0.110924 0.103754 0.102282 0.088566 0.111890 0.104427 0.105424 0.102656 0.108102 0.101461 0.099942 0.097162 0.104783 0.093091 0.089148 0.110177 0.110930 0.109684 0.107604 0.099702 0.096173 0.106504 0.097037 0.093987 0.087054 0.091036 0.098612 0.109387 0.096170 0.100642 0.096307 0.109537 0.095854 0.095099 0.106967
0.099117 0.089003 0.091283 0.086957 0.107290 0.102731 0.100894 0.084675 0.108251 0.106992 0.101806 0.099025 0.105380 0.103581 0.097440 0.093629 0.104796 0.089979 0.087839 0.102115 0.107406 0.105551 0.106538 0.097112 0.098076 0.104068 0.096041 0.093400 0.091036 0.081563 0.091323 0.105912 0.098706 0.097330 0.092666 0.105732 0.092210 0.097699 0.109532
0.107220 0.096976 0.099252 0.095278 0.115393 0.110132 0.108317 0.092812 0.116354 0.114572 0.109907 0.107128 0.113355 0.111168 0.105397 0.101706 0.112509 0.098002 0.095089 0.111013 0.115490 0.113721 0.114374 0.105074 0.105659 0.111998 0.103679 0.100899 0.098612 0.091323 0.083358 0.113990 0.106287 0.105119 0.100769 0.113857 0.100314 0.105275 0.117113
0.113354 0.105858 0.108227 0.106717 0.121540 0.121529 0.119752 0.100580 0.122537 0.125447 0.115893 0.113243 0.122227 0.122143 0.114353 0.110594 0.122610 0.106454 0.106789 0.125075 0.123219 0.122124 0.123907 0.114006 0.116381 0.121113 0.114195 0.111940 0.109387 0.105912 0.113990 0.115642 0.117164 0.116706 0.106970 0.121135 0.106540 0.116054 0.127987
0.110523 0.099511 0.101861 0.099935 0.118697 0.111496 0.110022 0.096331 0.119662 0.107796 0.113197 0.110428 0.115901 0.105281 0.107752 0.104936 0.112683 0.100877 0.096872 0.117821 0.118705 0.117443 0.115488 0.107506 0.104187 0.114308 0.104843 0.101774 0.096170 0.098706 0.106287 0.117164 0.097610 0.108379 0.104079 0.117305 0.103626 0.102875 0.110336
0.109991 0.099452 0.101703 0.098380 0.118165 0.111837 0.109848 0.095678 0.119128 0.116662 0.112673 0.109898 0.115832 0.113330 0.107850 0.104428 0.114667 0.100579 0.096860 0.116533 0.118221 0.116696 0.116708 0.107540 0.107685 0.114404 0.105698 0.102750 0.100642 0.097330 0.105119 0.116706 0.108379 0.102939 0.103544 0.116692 0.103089 0.107303 0.119203
0.097876 0.092874 0.095224 0.093473 0.105886 0.108419 0.106638 0.086879 0.105968 0.112362 0.101351 0.098205 0.109244 0.109054 0.101366 0.097404 0.109564 0.093409 0.093673 0.111827 0.109917 0.108506 0.110889 0.101020 0.103304 0.108111 0.101119 0.098843 0.096307 0.092666 0.100769 0.106970 0.104079 0.103544 0.088826 0.107143 0.090282 0.102974 0.114902
0.113645 0.106191 0.108530 0.106545 0.121807 0.121619 0.119833 0.099498 0.122742 0.125588 0.116436 0.113576 0.122561 0.122276 0.114680 0.110578 0.122824 0.106730 0.106866 0.124893 0.123182 0.121194 0.124176 0.114335 0.116537 0.121414 0.114354 0.112058 0.109537 0.105732 0.113857 0.121135 0.117305 0.116692 0.107143 0.113695 0.106668 0.116203 0.128128
0.097565 0.092422 0.094772 0.093017 0.105616 0.107966 0.106184 0.086413 0.106135 0.111909 0.100954 0.097819 0.108792 0.108601 0.100914 0.096950 0.109112 0.092957 0.093219 0.111371 0.109463 0.108041 0.110437 0.100568 0.102851 0.107659 0.100666 0.098389 0.095854 0.092210 0.100314 0.106540 0.103626 0.103089 0.090282 0.106668 0.088844 0.102521 0.114449
0.109417 0.098380 0.100735 0.098874 0.117591 0.110410 0.108939 0.095232 0.118556 0.111148 0.112091 0.109322 0.114771 0.108142 0.106612 0.103829 0.111454 0.099759 0.095804 0.116840 0.117597 0.116350 0.114289 0.106371 0.102867 0.113172 0.103698 0.100644 0.095099 0.097699 0.105275 0.116054 0.102875 0.107303 0.102974 0.116203 0.102521 0.099962 0.113689
0.121346 0.110333 0.112683 0.110759 0.129520 0.122319 0.120845 0.107154 0.130485 0.106563 0.124020 0.121251 0.126724 0.116207 0.118574 0.115759 0.123502 0.111700 0.107695 0.128648 0.129528 0.128267 0.126308 0.118329 0.115003 0.125130 0.115665 0.112596 0.106967 0.109532 0.117113 0.127987 0.110336 0.119203 0.114902 0.128128 0.114449 0.113689 0.093072
