      AMA340 0.0009 0.9797 0.0014 0.0148 0.0012 0.0020 
      AMA601 0.0019 0.9566 0.0008 0.0358 0.0008 0.0041 
      AMA656 0.0023 0.9480 0.0013 0.0438 0.0009 0.0037 
    AMANA034 0.0086 0.6583 0.0042 0.2960 0.0139 0.0191 
    AMANA137 0.0242 0.5911 0.0023 0.3387 0.0294 0.0143 
      AMZ551 0.0257 0.4772 0.0878 0.2942 0.0193 0.0959 
      AMZ610 0.0030 0.5697 0.0523 0.2563 0.0030 0.1156 
       B4615 0.0013 0.9892 0.0010 0.0063 0.0008 0.0013 
       B5082 0.0022 0.9793 0.0013 0.0070 0.0003 0.0099 
       BR033 0.0221 0.2778 0.0161 0.6748 0.0007 0.0085 
       BR036 0.0296 0.3179 0.0024 0.6135 0.0028 0.0338 
     BR36440 0.0070 0.9499 0.0060 0.0296 0.0028 0.0047 
      CAM117 0.0013 0.9722 0.0020 0.0082 0.0033 0.0131 
      CPE012 0.0713 0.0037 0.9197 0.0047 0.0002 0.0003 
      CPE025 0.0576 0.0038 0.9210 0.0164 0.0005 0.0008 
      CPE049 0.0594 0.0074 0.9039 0.0282 0.0004 0.0007 
      CPE069 0.0330 0.0057 0.9522 0.0081 0.0002 0.0008 
    CPEII008 0.0472 0.0030 0.9427 0.0065 0.0002 0.0005 
      CUJ027 0.0063 0.9357 0.0012 0.0429 0.0012 0.0127 
      CUJ072 0.0021 0.9244 0.0008 0.0710 0.0006 0.0011 
      FPR006 0.0005 0.4393 0.0004 0.0160 0.5428 0.0009 
      FPR015 0.0275 0.6190 0.0040 0.3261 0.0115 0.0119 
      FPR021 0.0024 0.5538 0.0008 0.3498 0.0360 0.0572 
    GAPTO259 0.7452 0.0072 0.2280 0.0185 0.0003 0.0009 
    GAPTO268 0.7567 0.0054 0.2070 0.0299 0.0004 0.0006 
    GAPTO277 0.5830 0.0368 0.2256 0.1520 0.0017 0.0009 
    GAPTO327 0.7325 0.0092 0.2368 0.0203 0.0004 0.0008 
      MAM010 0.0313 0.6603 0.0017 0.2528 0.0069 0.0470 
      MAR092 0.0044 0.6755 0.0052 0.2931 0.0070 0.0149 
       MF005 0.1185 0.2668 0.0810 0.5143 0.0028 0.0165 
     MPDS628 0.0116 0.6375 0.0059 0.2856 0.0569 0.0025 
      MSF107 0.0692 0.2303 0.1588 0.4940 0.0045 0.0432 
       MT087 0.0013 0.4714 0.0007 0.1283 0.0009 0.3974 
       MT123 0.0007 0.4029 0.0004 0.1145 0.0009 0.4805 
       OM022 0.0011 0.8513 0.0012 0.1274 0.0040 0.0150 
       OM112 0.0015 0.8977 0.0007 0.0770 0.0205 0.0026 
       OM172 0.0022 0.8801 0.0015 0.1049 0.0089 0.0024 
       OP100 0.0048 0.6211 0.0013 0.1716 0.0101 0.1910 
     PIME024 0.0022 0.5441 0.0065 0.3566 0.0613 0.0293 
     PIME062 0.0020 0.6041 0.0007 0.3542 0.0024 0.0366 
     PIME079 0.0015 0.6901 0.0095 0.2923 0.0016 0.0050 
     PIME134 0.1656 0.2808 0.1147 0.4369 0.0005 0.0015 
     PIME135 0.1299 0.2360 0.0913 0.5413 0.0009 0.0007 
     PIME169 0.0063 0.6100 0.0014 0.3634 0.0040 0.0149 
     PIME460 0.0020 0.6746 0.0015 0.2558 0.0196 0.0466 
     PIME482 0.0756 0.3161 0.0539 0.5488 0.0006 0.0051 
     PIME521 0.1333 0.3223 0.0212 0.5141 0.0014 0.0077 
     PIME522 0.0437 0.3596 0.0765 0.5133 0.0011 0.0058 
    PPBIO221 0.1836 0.2085 0.1889 0.4165 0.0007 0.0018 
    PPBIO305 0.1394 0.1955 0.2201 0.4402 0.0009 0.0039 
      PPS041 0.0050 0.5386 0.0020 0.2384 0.0024 0.2136 
      PPS174 0.0019 0.2585 0.0074 0.7240 0.0027 0.0055 
      PPS221 0.0026 0.5567 0.0010 0.2355 0.0008 0.2033 
      PPS352 0.0105 0.5798 0.0084 0.2499 0.0039 0.1475 
      PUC008 0.0011 0.8814 0.0009 0.1119 0.0039 0.0007 
      RDO007 0.2891 0.1082 0.3108 0.2846 0.0036 0.0038 
      TLP025 0.0035 0.3886 0.0025 0.5062 0.0005 0.0987 
      TLP123 0.0012 0.3306 0.0008 0.5399 0.0065 0.1210 
    UFAC1007 0.0023 0.9601 0.0029 0.0324 0.0004 0.0019 
     UFAC305 0.0006 0.9290 0.0006 0.0636 0.0036 0.0026 
     UFAC476 0.0016 0.9747 0.0009 0.0193 0.0016 0.0018 
      UHE442 0.1892 0.2766 0.1747 0.3535 0.0011 0.0049 
      UNA002 0.0092 0.0029 0.9846 0.0027 0.0002 0.0004 
      UNA018 0.0021 0.0021 0.9926 0.0028 0.0002 0.0004 
      UNA088 0.0245 0.0140 0.9160 0.0445 0.0003 0.0008 
      UNA110 0.0083 0.0025 0.9858 0.0028 0.0002 0.0004 
      UNA124 0.0034 0.0054 0.9844 0.0058 0.0004 0.0007 
       WM281 0.0507 0.3989 0.1371 0.4055 0.0016 0.0062 
       WM293 0.1407 0.2476 0.0912 0.4862 0.0336 0.0007 
