      AMA340 0.0054 0.0009 0.7839 0.0002 0.1989 0.0030 0.0002 0.0075 
      AMA601 0.0174 0.0015 0.7946 0.0004 0.1721 0.0053 0.0001 0.0084 
      AMA656 0.0108 0.0029 0.8039 0.0003 0.1636 0.0111 0.0002 0.0072 
    AMANA034 0.0331 0.0204 0.8159 0.0017 0.0497 0.0543 0.0005 0.0243 
    AMANA137 0.0217 0.0122 0.8136 0.0036 0.0281 0.0823 0.0003 0.0382 
      AMZ551 0.0433 0.1251 0.7590 0.0009 0.0217 0.0387 0.0021 0.0093 
      AMZ610 0.0538 0.0849 0.7924 0.0004 0.0205 0.0384 0.0013 0.0082 
       B4615 0.0019 0.0006 0.7836 0.0002 0.2035 0.0023 0.0001 0.0077 
       B5082 0.0170 0.0008 0.7960 0.0003 0.1794 0.0021 0.0002 0.0041 
       BR033 0.0019 0.0015 0.7602 0.0006 0.0010 0.2340 0.0002 0.0006 
       BR036 0.0209 0.0018 0.7685 0.0023 0.0014 0.2021 0.0002 0.0028 
     BR36440 0.0029 0.0020 0.8074 0.0012 0.1479 0.0081 0.0011 0.0294 
      CAM117 0.0111 0.0008 0.7719 0.0003 0.2088 0.0021 0.0002 0.0048 
      CPE012 0.0003 0.0003 0.7009 0.0413 0.0004 0.0016 0.2549 0.0003 
      CPE025 0.0009 0.0008 0.7093 0.0411 0.0004 0.0039 0.2429 0.0007 
      CPE049 0.0006 0.0008 0.7380 0.0357 0.0006 0.0046 0.2194 0.0004 
      CPE069 0.0007 0.0014 0.7038 0.0293 0.0007 0.0090 0.2547 0.0003 
    CPEII008 0.0004 0.0005 0.7031 0.0354 0.0004 0.0028 0.2571 0.0003 
      CUJ027 0.0159 0.0030 0.7849 0.0005 0.1675 0.0058 0.0002 0.0222 
      CUJ072 0.0081 0.0027 0.7995 0.0004 0.1610 0.0167 0.0001 0.0116 
      FPR006 0.0038 0.0017 0.7700 0.0005 0.0083 0.0048 0.0002 0.2107 
      FPR015 0.0139 0.0331 0.7999 0.0016 0.0507 0.0693 0.0002 0.0313 
      FPR021 0.0301 0.0045 0.7718 0.0003 0.0429 0.1017 0.0001 0.0487 
    GAPTO259 0.0050 0.0026 0.7358 0.1995 0.0008 0.0088 0.0470 0.0004 
    GAPTO268 0.0007 0.0014 0.7353 0.2131 0.0007 0.0072 0.0404 0.0010 
    GAPTO277 0.0008 0.0029 0.7896 0.1402 0.0006 0.0241 0.0397 0.0020 
    GAPTO327 0.0011 0.0021 0.7389 0.1955 0.0007 0.0102 0.0480 0.0035 
      MAM010 0.0227 0.0275 0.7944 0.0013 0.0588 0.0553 0.0002 0.0398 
      MAR092 0.0152 0.0192 0.8101 0.0005 0.0538 0.0711 0.0004 0.0297 
       MF005 0.0033 0.0507 0.7616 0.0162 0.0011 0.1642 0.0008 0.0021 
     MPDS628 0.0043 0.0127 0.8237 0.0015 0.0288 0.0774 0.0005 0.0512 
      MSF107 0.0209 0.0101 0.8124 0.0039 0.0024 0.1341 0.0131 0.0032 
       MT087 0.2084 0.0009 0.7589 0.0003 0.0192 0.0042 0.0001 0.0080 
       MT123 0.2264 0.0004 0.7633 0.0002 0.0046 0.0019 0.0001 0.0032 
       OM022 0.0085 0.0032 0.7685 0.0002 0.1489 0.0200 0.0002 0.0504 
       OM112 0.0027 0.0014 0.7671 0.0004 0.1315 0.0075 0.0001 0.0892 
       OM172 0.0049 0.0024 0.7862 0.0004 0.1469 0.0117 0.0002 0.0473 
       OP100 0.1165 0.0029 0.7588 0.0016 0.0723 0.0070 0.0002 0.0408 
     PIME024 0.0125 0.0204 0.7785 0.0003 0.0317 0.1114 0.0003 0.0449 
     PIME062 0.0306 0.0033 0.7862 0.0003 0.0538 0.1071 0.0001 0.0187 
     PIME079 0.0108 0.0246 0.8158 0.0003 0.0634 0.0655 0.0005 0.0192 
     PIME134 0.0010 0.0052 0.7849 0.0399 0.0014 0.1576 0.0093 0.0008 
     PIME135 0.0006 0.0027 0.7753 0.0262 0.0008 0.1901 0.0036 0.0007 
     PIME169 0.0254 0.0030 0.7911 0.0005 0.0515 0.0984 0.0002 0.0299 
     PIME460 0.0359 0.0043 0.7824 0.0004 0.0474 0.0657 0.0002 0.0637 
     PIME482 0.0020 0.0142 0.7923 0.0049 0.0013 0.1830 0.0009 0.0013 
     PIME521 0.0052 0.0046 0.8019 0.0224 0.0029 0.1609 0.0008 0.0014 
     PIME522 0.0029 0.0216 0.7824 0.0019 0.0018 0.1869 0.0008 0.0016 
    PPBIO221 0.0012 0.0032 0.7993 0.0453 0.0010 0.1171 0.0320 0.0009 
    PPBIO305 0.0014 0.0027 0.7837 0.0314 0.0007 0.1412 0.0379 0.0009 
      PPS041 0.1240 0.0244 0.7964 0.0008 0.0189 0.0241 0.0003 0.0112 
      PPS174 0.0092 0.0011 0.8057 0.0003 0.0007 0.1817 0.0004 0.0010 
      PPS221 0.1487 0.0033 0.8092 0.0005 0.0233 0.0106 0.0002 0.0042 
      PPS352 0.1039 0.0117 0.8070 0.0035 0.0231 0.0302 0.0014 0.0192 
      PUC008 0.0027 0.0056 0.7847 0.0002 0.1591 0.0312 0.0001 0.0163 
      RDO007 0.0018 0.0054 0.7632 0.0749 0.0006 0.0828 0.0667 0.0045 
      TLP025 0.0445 0.0029 0.7883 0.0004 0.0048 0.1576 0.0002 0.0013 
      TLP123 0.0730 0.0009 0.7745 0.0003 0.0023 0.1427 0.0001 0.0061 
    UFAC1007 0.0060 0.0011 0.8121 0.0004 0.1722 0.0052 0.0004 0.0026 
     UFAC305 0.0126 0.0011 0.7876 0.0002 0.1633 0.0066 0.0001 0.0285 
     UFAC476 0.0028 0.0006 0.8123 0.0003 0.1673 0.0029 0.0001 0.0136 
      UHE442 0.0018 0.0405 0.7514 0.0447 0.0031 0.1354 0.0221 0.0009 
      UNA002 0.0003 0.0002 0.7144 0.0176 0.0004 0.0009 0.2660 0.0002 
      UNA018 0.0003 0.0002 0.7043 0.0126 0.0003 0.0009 0.2813 0.0002 
      UNA088 0.0008 0.0008 0.7340 0.0233 0.0006 0.0037 0.2356 0.0012 
      UNA110 0.0002 0.0002 0.7062 0.0192 0.0003 0.0008 0.2730 0.0002 
      UNA124 0.0005 0.0004 0.7327 0.0076 0.0005 0.0017 0.2562 0.0005 
       WM281 0.0046 0.0780 0.8025 0.0072 0.0039 0.0959 0.0054 0.0025 
       WM293 0.0006 0.0083 0.7674 0.0324 0.0011 0.1826 0.0020 0.0056 
