0.104205 0.097813 0.103966 0.100509 0.112696 0.115568 0.115575 0.093624 0.113024 0.119307 0.107604 0.105096 0.116086 0.115847 0.108176 0.103701 0.114864 0.099370 0.099953 0.118615 0.116351 0.115293 0.117913 0.108082 0.109749 0.114475 0.108779 0.105969 0.103336 0.099110 0.108330 0.114112 0.111165 0.108401 0.097934 0.114257 0.097948 0.110951 0.121591
0.097813 0.083692 0.090173 0.088027 0.105929 0.102303 0.102319 0.083486 0.106002 0.105978 0.099598 0.097610 0.102197 0.102535 0.094277 0.091304 0.101284 0.086879 0.086722 0.106177 0.105455 0.104587 0.104232 0.094140 0.096392 0.100565 0.095384 0.092681 0.089994 0.086658 0.095650 0.104266 0.097836 0.095481 0.090838 0.104604 0.090725 0.097610 0.108261
0.103966 0.090173 0.095919 0.094150 0.112082 0.108451 0.108466 0.089635 0.112155 0.112143 0.105751 0.103763 0.108522 0.108700 0.100615 0.097431 0.107522 0.093023 0.092869 0.112305 0.111604 0.110729 0.110500 0.100497 0.102561 0.106746 0.101489 0.098830 0.096160 0.092786 0.101784 0.110424 0.104001 0.101611 0.096991 0.110754 0.096878 0.103777 0.114427
0.100509 0.088027 0.094150 0.086269 0.108623 0.104520 0.104505 0.085780 0.108690 0.108387 0.102324 0.100311 0.106323 0.104892 0.098350 0.093969 0.104391 0.090270 0.088833 0.106001 0.108253 0.106297 0.107659 0.098261 0.098880 0.104679 0.098055 0.094969 0.092438 0.086497 0.096144 0.107181 0.100242 0.096456 0.093523 0.106999 0.093406 0.100050 0.110670
0.112696 0.105929 0.112082 0.108623 0.119851 0.123684 0.123690 0.101733 0.120945 0.127423 0.115745 0.113230 0.124203 0.123963 0.116293 0.111817 0.122980 0.107487 0.108068 0.126729 0.124466 0.123403 0.126030 0.116198 0.117865 0.122592 0.116895 0.114085 0.111451 0.107224 0.116445 0.122238 0.119281 0.116516 0.105884 0.122360 0.105938 0.119066 0.129707
0.115568 0.102303 0.108451 0.104520 0.123684 0.115279 0.115601 0.101073 0.123754 0.119936 0.117366 0.115368 0.120599 0.116517 0.112492 0.109039 0.116910 0.104918 0.100043 0.122304 0.123250 0.121934 0.120711 0.112422 0.110392 0.118968 0.110088 0.106116 0.103947 0.102747 0.110955 0.122113 0.111796 0.110550 0.108589 0.122234 0.108474 0.111555 0.122220
0.115575 0.102319 0.108466 0.104505 0.123690 0.115601 0.115300 0.101077 0.123760 0.120044 0.117372 0.115374 0.120615 0.116623 0.112513 0.109044 0.116985 0.104928 0.100080 0.122293 0.123257 0.121934 0.120767 0.112441 0.110500 0.118984 0.110146 0.106204 0.104055 0.102735 0.110951 0.122120 0.111903 0.110488 0.108595 0.122239 0.108480 0.111664 0.122327
0.093624 0.083486 0.089635 0.085780 0.101733 0.101073 0.101077 0.077544 0.101790 0.104828 0.095503 0.093437 0.101763 0.101362 0.093844 0.089144 0.100446 0.085065 0.085447 0.103867 0.101885 0.099912 0.103526 0.093751 0.095278 0.100147 0.094326 0.091480 0.088860 0.084366 0.093656 0.100783 0.096685 0.093808 0.086618 0.099601 0.086493 0.096474 0.107112
0.113024 0.106002 0.112155 0.108690 0.120945 0.123754 0.123760 0.101790 0.120006 0.127494 0.115867 0.113356 0.124275 0.124033 0.116365 0.111886 0.123052 0.107559 0.108138 0.126796 0.124535 0.123461 0.126101 0.116271 0.117936 0.122664 0.116966 0.114155 0.111522 0.107291 0.116513 0.122328 0.119351 0.116585 0.105308 0.122404 0.105658 0.119137 0.129777
0.119307 0.105978 0.112143 0.108387 0.127423 0.119936 0.120044 0.104828 0.127494 0.104243 0.121104 0.119107 0.124267 0.113752 0.116103 0.112782 0.120214 0.108630 0.104472 0.126109 0.126986 0.125711 0.123754 0.116063 0.112832 0.122652 0.114008 0.110230 0.104002 0.106605 0.114958 0.125843 0.108547 0.114668 0.112328 0.125985 0.112214 0.111553 0.106526
0.107604 0.099598 0.105751 0.102324 0.115745 0.117366 0.117372 0.095503 0.115867 0.121104 0.107318 0.107294 0.117871 0.117644 0.109962 0.105506 0.116656 0.101157 0.101751 0.120432 0.118161 0.117163 0.119703 0.109867 0.111545 0.116261 0.110573 0.107766 0.105132 0.100927 0.110141 0.115794 0.112961 0.110205 0.100726 0.116207 0.100655 0.112747 0.123387
0.105096 0.097610 0.103763 0.100311 0.113230 0.115368 0.115374 0.093437 0.113356 0.119107 0.107294 0.104035 0.115883 0.115647 0.107974 0.103502 0.114663 0.099167 0.099752 0.118418 0.116151 0.115107 0.117712 0.107879 0.109549 0.114273 0.108578 0.105769 0.103135 0.098913 0.108132 0.113897 0.110964 0.108202 0.098220 0.114090 0.098159 0.110750 0.121390
0.116086 0.102197 0.108522 0.106323 0.124203 0.120599 0.120615 0.101763 0.124275 0.124267 0.117871 0.115883 0.120095 0.120825 0.112458 0.109594 0.119569 0.105160 0.105018 0.124472 0.123731 0.122870 0.122457 0.112384 0.114680 0.118955 0.113692 0.110977 0.108283 0.104953 0.113945 0.122536 0.116126 0.113778 0.109111 0.122880 0.108999 0.115900 0.126551
0.115847 0.102535 0.108700 0.104892 0.123963 0.116517 0.116623 0.101362 0.124033 0.113752 0.117644 0.115647 0.120825 0.096835 0.112666 0.109323 0.116815 0.105180 0.101043 0.122528 0.123527 0.122237 0.120366 0.112624 0.109496 0.119209 0.110590 0.106819 0.100878 0.103058 0.111428 0.122386 0.105293 0.111208 0.108868 0.122521 0.108753 0.108338 0.116035
0.108176 0.094277 0.100615 0.098350 0.116293 0.112492 0.112513 0.093844 0.116365 0.116103 0.109962 0.107974 0.112458 0.112666 0.102570 0.101677 0.111428 0.097259 0.096917 0.116482 0.115822 0.114939 0.113678 0.104279 0.106501 0.111046 0.105624 0.102865 0.100114 0.096962 0.105922 0.114631 0.107962 0.105746 0.101201 0.114964 0.101088 0.107733 0.118386
0.103701 0.091304 0.097431 0.093969 0.111817 0.109039 0.109044 0.089144 0.111886 0.112782 0.105506 0.103502 0.109594 0.109323 0.101677 0.085104 0.108347 0.093000 0.093425 0.112149 0.111058 0.110151 0.111400 0.101578 0.103223 0.107955 0.102247 0.099439 0.096810 0.092641 0.101841 0.110334 0.104640 0.101860 0.096720 0.110325 0.096605 0.104425 0.115066
0.114864 0.101284 0.107522 0.104391 0.122980 0.116910 0.116985 0.100446 0.123052 0.120214 0.116656 0.114663 0.119569 0.116815 0.111428 0.108347 0.102759 0.104089 0.101412 0.122332 0.122529 0.121419 0.120142 0.111019 0.110572 0.117995 0.110532 0.107221 0.104205 0.102798 0.111371 0.121367 0.112075 0.111076 0.107887 0.121587 0.107773 0.111822 0.122498
0.099370 0.086879 0.093023 0.090270 0.107487 0.104918 0.104928 0.085065 0.107559 0.108630 0.101157 0.099167 0.105160 0.105180 0.097259 0.093000 0.104089 0.084694 0.089320 0.108422 0.106640 0.106312 0.107087 0.097160 0.099058 0.103537 0.098054 0.095307 0.092652 0.088909 0.098000 0.105881 0.100488 0.097924 0.092395 0.106177 0.092282 0.100268 0.110914
0.099953 0.086722 0.092869 0.088833 0.108068 0.100043 0.100080 0.085447 0.108138 0.104472 0.101751 0.099752 0.105018 0.101043 0.096917 0.093425 0.101412 0.089320 0.081978 0.106557 0.107638 0.106293 0.105185 0.096846 0.094936 0.103387 0.094615 0.090692 0.088488 0.086989 0.094909 0.106503 0.096331 0.094872 0.092973 0.106611 0.092858 0.096097 0.106756
0.118615 0.106177 0.112305 0.106001 0.126729 0.122304 0.122293 0.103867 0.126796 0.126109 0.120432 0.118418 0.124472 0.122528 0.116482 0.112149 0.122332 0.108422 0.106557 0.115181 0.126372 0.124321 0.125657 0.116395 0.116694 0.122831 0.115953 0.112770 0.110211 0.101836 0.112238 0.125302 0.117960 0.114445 0.111629 0.125091 0.111511 0.117820 0.128393
0.116351 0.105455 0.111604 0.108253 0.124466 0.123250 0.123257 0.101885 0.124535 0.126986 0.118161 0.116151 0.123731 0.123527 0.115822 0.111058 0.122529 0.106640 0.107638 0.126372 0.119919 0.123385 0.125572 0.115727 0.117426 0.122116 0.116450 0.113649 0.111013 0.106866 0.116065 0.123119 0.118843 0.116108 0.109369 0.123032 0.109254 0.118628 0.129269
0.115293 0.104587 0.110729 0.106297 0.123403 0.121934 0.121934 0.099912 0.123461 0.125711 0.117163 0.115107 0.122870 0.122237 0.114939 0.110151 0.121419 0.106312 0.106293 0.124321 0.123385 0.112117 0.124539 0.114846 0.116172 0.121246 0.115251 0.112350 0.109748 0.104828 0.114220 0.122348 0.117568 0.114510 0.108289 0.121253 0.108164 0.117362 0.127995
0.117913 0.104232 0.110500 0.107659 0.126030 0.120711 0.120767 0.103526 0.126101 0.123754 0.119703 0.117712 0.122457 0.120366 0.113678 0.111400 0.120142 0.107087 0.105185 0.125657 0.125572 0.124539 0.102287 0.114260 0.114106 0.120962 0.114270 0.111050 0.107720 0.106131 0.114833 0.124401 0.115616 0.114597 0.110937 0.124659 0.110824 0.115360 0.126037
0.108082 0.094140 0.100497 0.098261 0.116198 0.112422 0.112441 0.093751 0.116271 0.116063 0.109867 0.107879 0.112384 0.112624 0.104279 0.101578 0.111019 0.097160 0.096846 0.116395 0.115727 0.114846 0.114260 0.102728 0.106469 0.110920 0.105549 0.102796 0.100076 0.096875 0.105841 0.114537 0.107921 0.105666 0.101107 0.114870 0.100994 0.107693 0.118346
0.109749 0.096392 0.102561 0.098880 0.117865 0.110392 0.110500 0.095278 0.117936 0.112832 0.111545 0.109549 0.114680 0.109496 0.106501 0.103223 0.110572 0.099058 0.094936 0.116694 0.117426 0.116172 0.114106 0.106469 0.102286 0.113068 0.104447 0.100678 0.096764 0.097155 0.105502 0.116281 0.104698 0.105145 0.102770 0.116433 0.102656 0.104407 0.115116
0.114475 0.100565 0.106746 0.104679 0.122592 0.118968 0.118984 0.100147 0.122664 0.122652 0.116261 0.114273 0.118955 0.119209 0.111046 0.107955 0.117995 0.103537 0.103387 0.122831 0.122116 0.121246 0.120962 0.110920 0.113068 0.117033 0.112032 0.109347 0.106668 0.103312 0.112307 0.120931 0.114510 0.112137 0.107500 0.121266 0.107388 0.114285 0.124935
0.108779 0.095384 0.101489 0.098055 0.116895 0.110088 0.110146 0.094326 0.116966 0.114008 0.110573 0.108578 0.113692 0.110590 0.105624 0.102247 0.110532 0.098054 0.094615 0.115953 0.116450 0.115251 0.114270 0.105549 0.104447 0.112032 0.096069 0.100311 0.098016 0.096408 0.104865 0.115300 0.105868 0.104481 0.101801 0.115477 0.101687 0.105627 0.116292
0.105969 0.092681 0.098830 0.094969 0.114085 0.106116 0.106204 0.091480 0.114155 0.110230 0.107766 0.105769 0.110977 0.106819 0.102865 0.099439 0.107221 0.095307 0.090692 0.112770 0.113649 0.112350 0.111050 0.102796 0.100678 0.109347 0.100311 0.096069 0.094236 0.093217 0.101476 0.112510 0.102090 0.101055 0.098990 0.112640 0.098875 0.101845 0.112513
0.103336 0.089994 0.096160 0.092438 0.111451 0.103947 0.104055 0.088860 0.111522 0.104002 0.105132 0.103135 0.108283 0.100878 0.100114 0.096810 0.104205 0.092652 0.088488 0.110211 0.111013 0.109748 0.107720 0.100076 0.096764 0.106668 0.098016 0.094236 0.086305 0.090687 0.099031 0.109870 0.095911 0.098701 0.096357 0.110016 0.096242 0.095931 0.106285
0.099110 0.086658 0.092786 0.086497 0.107224 0.102747 0.102735 0.084366 0.107291 0.106605 0.100927 0.098913 0.104953 0.103058 0.096962 0.092641 0.102798 0.088909 0.086989 0.101836 0.106866 0.104828 0.106131 0.096875 0.097155 0.103312 0.096408 0.093217 0.090687 0.080984 0.092267 0.105794 0.098457 0.094886 0.092124 0.105589 0.092006 0.098296 0.108888
0.108330 0.095650 0.101784 0.096144 0.116445 0.110955 0.110951 0.093656 0.116513 0.114958 0.110141 0.108132 0.113945 0.111428 0.105922 0.101841 0.111371 0.098000 0.094909 0.112238 0.116065 0.114220 0.114833 0.105841 0.105502 0.112307 0.104865 0.101476 0.099031 0.092267 0.081908 0.114974 0.106811 0.103763 0.101346 0.114862 0.101229 0.106640 0.117242
0.114112 0.104266 0.110424 0.107181 0.122238 0.122113 0.122120 0.100783 0.122328 0.125843 0.115794 0.113897 0.122536 0.122386 0.114631 0.110334 0.121367 0.105881 0.106503 0.125302 0.123119 0.122348 0.124401 0.114537 0.116281 0.120931 0.115300 0.112510 0.109870 0.105794 0.114974 0.117807 0.117701 0.114999 0.107172 0.121665 0.107074 0.117485 0.128127
0.111165 0.097836 0.104001 0.100242 0.119281 0.111796 0.111903 0.096685 0.119351 0.108547 0.112961 0.110964 0.116126 0.105293 0.107962 0.104640 0.112075 0.100488 0.096331 0.117960 0.118843 0.117568 0.115616 0.107921 0.104698 0.114510 0.105868 0.102090 0.095911 0.098457 0.106811 0.117701 0.097501 0.106525 0.104186 0.117842 0.104072 0.103409 0.110831
0.108401 0.095481 0.101611 0.096456 0.116516 0.110550 0.110488 0.093808 0.116585 0.114668 0.110205 0.108202 0.113778 0.111208 0.105746 0.101860 0.111076 0.097924 0.094872 0.114445 0.116108 0.114510 0.114597 0.105666 0.105145 0.112137 0.104481 0.101055 0.098701 0.094886 0.103763 0.114999 0.106525 0.096069 0.101419 0.114993 0.101303 0.106311 0.116951
0.097934 0.090838 0.096991 0.093523 0.105884 0.108589 0.108595 0.086618 0.105308 0.112328 0.100726 0.098220 0.109111 0.108868 0.101201 0.096720 0.107887 0.092395 0.092973 0.111629 0.109369 0.108289 0.110937 0.101107 0.102770 0.107500 0.101801 0.098990 0.096357 0.092124 0.101346 0.107172 0.104186 0.101419 0.088984 0.107226 0.090293 0.103972 0.114612
0.114257 0.104604 0.110754 0.106999 0.122360 0.122234 0.122239 0.099601 0.122404 0.125985 0.116207 0.114090 0.122880 0.122521 0.114964 0.110325 0.121587 0.106177 0.106611 0.125091 0.123032 0.121253 0.124659 0.114870 0.116433 0.121266 0.115477 0.112640 0.110016 0.105589 0.114862 0.121665 0.117842 0.114993 0.107226 0.107543 0.107089 0.117631 0.128269
0.097948 0.090725 0.096878 0.093406 0.105938 0.108474 0.108480 0.086493 0.105658 0.112214 0.100655 0.098159 0.108999 0.108753 0.101088 0.096605 0.107773 0.092282 0.092858 0.111511 0.109254 0.108164 0.110824 0.100994 0.102656 0.107388 0.101687 0.098875 0.096242 0.092006 0.101229 0.107074 0.104072 0.101303 0.090293 0.107089 0.089243 0.103857 0.114498
0.110951 0.097610 0.103777 0.100050 0.119066 0.111555 0.111664 0.096474 0.119137 0.111553 0.112747 0.110750 0.115900 0.108338 0.107733 0.104425 0.111822 0.100268 0.096097 0.117820 0.118628 0.117362 0.115360 0.107693 0.104407 0.114285 0.105627 0.101845 0.095931 0.098296 0.106640 0.117485 0.103409 0.106311 0.103972 0.117631 0.103857 0.101688 0.113836
0.121591 0.108261 0.114427 0.110670 0.129707 0.122220 0.122327 0.107112 0.129777 0.106526 0.123387 0.121390 0.126551 0.116035 0.118386 0.115066 0.122498 0.110914 0.106756 0.128393 0.129269 0.127995 0.126037 0.118346 0.115116 0.124935 0.116292 0.112513 0.106285 0.108888 0.117242 0.128127 0.110831 0.116951 0.114612 0.128269 0.114498 0.113836 0.093230
