
Using the parameter settings in the file: 
''../clumpp_out_greedy/clumpp_greedy.template''

Parameter settings
----------------------- Main parameters -------------------------
DATATYPE = 0
INDFILE = K7.indfile
POPFILE = 
OUTFILE = ../clumpp_out_greedy/k7.outfile
MISCFILE = ../clumpp_out_greedy/k7.miscfile
K = 7
C = 69
R = 10
M = 2
W = 1
S = 2
- Additional options for the Greedy and LargeKGreedy algorithms -
GREEDY_OPTION = 2
REPEATS = 10000
PERMUTATIONFILE = 
----------------------- Optional outputs ------------------------
PRINT_PERMUTED_DATA = 0
PERMUTED_DATAFILE = 
PRINT_EVERY_PERM = 0
EVERY_PERMFILE = 
PRINT_RANDOM_INPUTORDER = 0
RANDOM_INPUTORDERFILE = 
----------------------- Advanced options ------------------------
OVERRIDE_WARNINGS = 0
ORDER_BY_RUN = 1


In total, 10000 configurations of runs and clusters will be tested.

Results
------------------------------
The highest value of H' is: 0.97315212997034

The list of permutations of the clusters that produces that
H' value is (runs are listed sequentially on separate rows)

1 2 3 4 5 6 7 
1 6 2 7 4 5 3 
6 7 4 1 2 5 3 
6 5 3 7 4 2 1 
6 1 3 7 2 5 4 
3 4 6 2 5 1 7 
1 7 6 5 3 2 4 
2 6 1 5 4 7 3 
5 1 3 7 2 6 4 
3 2 6 5 1 7 4 

The pairwise G' values for each pair of runs where the clusters
of each run are permuted according to the list of permutations above

1.0000 0.9778 0.9468 0.9496 0.9485 0.9524 0.9520 0.9479 0.9703 0.9467 
0.9778 1.0000 0.9567 0.9541 0.9545 0.9576 0.9574 0.9579 0.9829 0.9549 
0.9468 0.9567 1.0000 0.9839 0.9874 0.9842 0.9837 0.9974 0.9677 0.9900 
0.9496 0.9541 0.9839 1.0000 0.9953 0.9926 0.9865 0.9842 0.9665 0.9849 
0.9485 0.9545 0.9874 0.9953 1.0000 0.9935 0.9878 0.9875 0.9669 0.9885 
0.9524 0.9576 0.9842 0.9926 0.9935 1.0000 0.9910 0.9847 0.9689 0.9876 
0.9520 0.9574 0.9837 0.9865 0.9878 0.9910 1.0000 0.9838 0.9661 0.9904 
0.9479 0.9579 0.9974 0.9842 0.9875 0.9847 0.9838 1.0000 0.9690 0.9892 
0.9703 0.9829 0.9677 0.9665 0.9669 0.9689 0.9661 0.9690 1.0000 0.9645 
0.9467 0.9549 0.9900 0.9849 0.9885 0.9876 0.9904 0.9892 0.9645 1.0000 
