      AMA340 0.0009 0.0224 0.0014 0.9753 
      AMA601 0.0018 0.0578 0.0007 0.9397 
      AMA656 0.0024 0.0598 0.0012 0.9366 
    AMANA034 0.0075 0.3569 0.0037 0.6319 
    AMANA137 0.0307 0.3898 0.0022 0.5773 
      AMZ551 0.0279 0.4012 0.0931 0.4778 
      AMZ610 0.0035 0.3859 0.0572 0.5534 
       B4615 0.0014 0.0074 0.0009 0.9903 
       B5082 0.0021 0.0116 0.0013 0.9850 
       BR033 0.0519 0.6455 0.0294 0.2733 
       BR036 0.0553 0.6400 0.0028 0.3018 
     BR36440 0.0070 0.0316 0.0061 0.9553 
      CAM117 0.0013 0.0179 0.0021 0.9787 
      CPE012 0.0715 0.0029 0.9224 0.0032 
      CPE025 0.0557 0.0122 0.9290 0.0032 
      CPE049 0.0632 0.0170 0.9128 0.0070 
      CPE069 0.0276 0.0065 0.9613 0.0045 
    CPEII008 0.0466 0.0042 0.9468 0.0024 
      CUJ027 0.0057 0.0790 0.0010 0.9143 
      CUJ072 0.0027 0.0807 0.0008 0.9158 
      FPR006 0.0010 0.3450 0.0007 0.6534 
      FPR015 0.0338 0.3618 0.0040 0.6004 
      FPR021 0.0035 0.4426 0.0010 0.5530 
    GAPTO259 0.7494 0.0129 0.2314 0.0062 
    GAPTO268 0.7645 0.0188 0.2114 0.0053 
    GAPTO277 0.5932 0.1429 0.2295 0.0344 
    GAPTO327 0.7383 0.0141 0.2389 0.0087 
      MAM010 0.0362 0.3239 0.0015 0.6384 
      MAR092 0.0045 0.3368 0.0057 0.6530 
       MF005 0.1388 0.5030 0.0893 0.2689 
     MPDS628 0.0249 0.3293 0.0068 0.6389 
      MSF107 0.0843 0.5469 0.1542 0.2146 
       MT087 0.0013 0.4878 0.0008 0.5101 
       MT123 0.0007 0.5649 0.0004 0.4340 
       OM022 0.0013 0.1685 0.0012 0.8290 
       OM112 0.0015 0.1094 0.0006 0.8884 
       OM172 0.0020 0.1298 0.0014 0.8668 
       OP100 0.0039 0.3839 0.0013 0.6109 
     PIME024 0.0030 0.4385 0.0090 0.5495 
     PIME062 0.0021 0.4160 0.0007 0.5812 
     PIME079 0.0016 0.3165 0.0111 0.6707 
     PIME134 0.1868 0.4085 0.1241 0.2806 
     PIME135 0.1654 0.4748 0.1072 0.2526 
     PIME169 0.0084 0.4079 0.0014 0.5823 
     PIME460 0.0021 0.3351 0.0016 0.6612 
     PIME482 0.0952 0.5361 0.0633 0.3053 
     PIME521 0.1572 0.5025 0.0252 0.3151 
     PIME522 0.0624 0.5089 0.0867 0.3420 
    PPBIO221 0.2032 0.4025 0.1933 0.2010 
    PPBIO305 0.1586 0.4244 0.2276 0.1894 
      PPS041 0.0047 0.4570 0.0020 0.5363 
      PPS174 0.0030 0.7275 0.0130 0.2566 
      PPS221 0.0026 0.4825 0.0009 0.5140 
      PPS352 0.0095 0.4431 0.0080 0.5394 
      PUC008 0.0013 0.1149 0.0009 0.8829 
      RDO007 0.2943 0.2942 0.3166 0.0950 
      TLP025 0.0069 0.6017 0.0038 0.3876 
      TLP123 0.0017 0.6742 0.0008 0.3233 
    UFAC1007 0.0025 0.0398 0.0031 0.9546 
     UFAC305 0.0007 0.0786 0.0006 0.9202 
     UFAC476 0.0018 0.0313 0.0008 0.9662 
      UHE442 0.2065 0.3402 0.1805 0.2728 
      UNA002 0.0081 0.0022 0.9873 0.0024 
      UNA018 0.0018 0.0024 0.9940 0.0018 
      UNA088 0.0301 0.0310 0.9269 0.0120 
      UNA110 0.0063 0.0024 0.9893 0.0021 
      UNA124 0.0029 0.0052 0.9875 0.0044 
       WM281 0.0690 0.4145 0.1381 0.3784 
       WM293 0.1647 0.4670 0.1036 0.2648 
