0.103704 0.096625 0.102328 0.100418 0.112522 0.115289 0.114914 0.093188 0.112911 0.119220 0.107831 0.104864 0.115708 0.115714 0.108881 0.104005 0.115998 0.100082 0.100656 0.118743 0.116253 0.115142 0.116324 0.108577 0.109458 0.115491 0.107654 0.105397 0.103001 0.098537 0.107681 0.113543 0.110747 0.110814 0.098003 0.113520 0.097804 0.108945 0.121347
0.096625 0.081570 0.087657 0.087066 0.104947 0.101240 0.100921 0.082357 0.105029 0.105070 0.098872 0.096466 0.100977 0.101574 0.094125 0.091040 0.101647 0.087006 0.086665 0.105389 0.104400 0.103600 0.101617 0.093745 0.095289 0.100695 0.093409 0.091301 0.088843 0.085150 0.094107 0.102576 0.096597 0.097209 0.090025 0.103083 0.089682 0.094788 0.107197
0.102328 0.087657 0.092768 0.092710 0.110649 0.106908 0.106577 0.088053 0.110731 0.110761 0.104575 0.102169 0.106852 0.107264 0.100018 0.096711 0.107394 0.092701 0.092331 0.111039 0.110096 0.109282 0.107494 0.099672 0.100983 0.106388 0.098994 0.096959 0.094535 0.090799 0.099760 0.108287 0.102288 0.102849 0.095727 0.108781 0.095384 0.100479 0.112887
0.100418 0.087066 0.092710 0.086108 0.108737 0.104223 0.103728 0.085925 0.108815 0.108372 0.102697 0.100264 0.106182 0.104844 0.099291 0.094321 0.105520 0.091207 0.089462 0.106349 0.108206 0.106431 0.106646 0.098993 0.098647 0.105912 0.097079 0.094451 0.092168 0.086143 0.095615 0.106621 0.099896 0.098646 0.093809 0.106711 0.093462 0.098109 0.110499
0.112522 0.104947 0.110649 0.108737 0.119799 0.123610 0.123234 0.101500 0.121015 0.127541 0.116191 0.113217 0.124029 0.124035 0.117203 0.112324 0.124319 0.108403 0.108977 0.127062 0.124572 0.123456 0.124646 0.116898 0.117779 0.123813 0.115975 0.113718 0.111322 0.106856 0.116001 0.121876 0.119067 0.119134 0.106144 0.121827 0.105991 0.117266 0.129668
0.115289 0.101240 0.106908 0.104223 0.123610 0.114302 0.115184 0.100909 0.123689 0.119664 0.117552 0.115133 0.120363 0.116182 0.113348 0.109447 0.117571 0.105859 0.100562 0.122151 0.123067 0.121797 0.120511 0.113084 0.109934 0.120100 0.109526 0.105763 0.103431 0.101822 0.110018 0.121366 0.111192 0.113628 0.108684 0.121666 0.108339 0.109369 0.121791
0.114914 0.100921 0.106577 0.103728 0.123234 0.115184 0.111873 0.100526 0.123314 0.119936 0.117178 0.114758 0.120046 0.116446 0.113055 0.109048 0.117681 0.105493 0.100781 0.121690 0.122691 0.121390 0.120243 0.112782 0.110205 0.119776 0.109303 0.105677 0.103708 0.101359 0.109672 0.121000 0.111463 0.113010 0.108309 0.121285 0.107963 0.109646 0.122063
0.093188 0.082357 0.088053 0.085925 0.101500 0.100909 0.100526 0.077536 0.101565 0.104855 0.095554 0.093049 0.101443 0.101347 0.094612 0.089546 0.101661 0.085779 0.086267 0.104243 0.101832 0.100174 0.102048 0.094307 0.095095 0.101221 0.093309 0.091025 0.088637 0.084045 0.093221 0.100044 0.096381 0.096366 0.086554 0.099041 0.086197 0.094580 0.106982
0.112911 0.105029 0.110731 0.108815 0.121015 0.123689 0.123314 0.101565 0.120097 0.127621 0.116339 0.113370 0.124111 0.124114 0.117284 0.112402 0.124400 0.108483 0.109056 0.127139 0.124648 0.123523 0.124728 0.116980 0.117858 0.123895 0.116055 0.113797 0.111402 0.106934 0.116079 0.121978 0.119147 0.119212 0.105589 0.121883 0.105735 0.117346 0.129748
0.119220 0.105070 0.110761 0.108372 0.127541 0.119664 0.119936 0.104855 0.127621 0.104105 0.121481 0.119064 0.124189 0.113577 0.117124 0.113416 0.120854 0.109765 0.105319 0.126292 0.126998 0.125795 0.124196 0.116885 0.112536 0.123940 0.113500 0.109982 0.104419 0.106014 0.114359 0.125280 0.108431 0.117905 0.112616 0.125607 0.112271 0.110262 0.106232
0.107831 0.098872 0.104575 0.102697 0.116191 0.117552 0.117178 0.095554 0.116339 0.121481 0.107010 0.107469 0.117953 0.117975 0.111128 0.106282 0.118255 0.102339 0.102920 0.121022 0.118540 0.117489 0.118572 0.110823 0.111718 0.117738 0.109912 0.107659 0.105262 0.100816 0.109955 0.115643 0.113007 0.113087 0.101367 0.115947 0.101072 0.111205 0.123608
0.104864 0.096466 0.102169 0.100264 0.113217 0.115133 0.114758 0.093049 0.113370 0.119064 0.107469 0.103220 0.115548 0.115557 0.108722 0.103850 0.115841 0.099924 0.100500 0.118589 0.116099 0.115001 0.116165 0.108417 0.109301 0.115332 0.107497 0.105240 0.102844 0.098383 0.107527 0.113365 0.110590 0.110660 0.098405 0.113399 0.098124 0.108788 0.121190
0.115708 0.100977 0.106852 0.106182 0.124029 0.120363 0.120046 0.101443 0.124111 0.124189 0.117953 0.115548 0.119756 0.120693 0.113130 0.110140 0.120776 0.106092 0.105787 0.124505 0.123486 0.122694 0.120628 0.112858 0.114406 0.119937 0.112555 0.110428 0.107962 0.104266 0.113226 0.121652 0.115716 0.116329 0.109107 0.122168 0.108764 0.113907 0.126316
0.115714 0.101574 0.107264 0.104844 0.124035 0.116182 0.116446 0.101347 0.124114 0.113577 0.117975 0.115557 0.120693 0.096929 0.113631 0.109907 0.117393 0.106262 0.101826 0.122710 0.123492 0.122280 0.120707 0.113391 0.109105 0.120444 0.110018 0.106505 0.101053 0.102459 0.110813 0.121775 0.104625 0.114385 0.109110 0.122100 0.108765 0.106863 0.115703
0.108881 0.094125 0.100018 0.099291 0.117203 0.113348 0.113055 0.094612 0.117284 0.117124 0.111128 0.108722 0.113130 0.113631 0.105011 0.103299 0.113726 0.099272 0.098783 0.117600 0.116659 0.115848 0.112934 0.105825 0.107332 0.113099 0.105602 0.103421 0.100895 0.097359 0.106291 0.114832 0.108651 0.109410 0.102280 0.115338 0.101937 0.106841 0.119251
0.104005 0.091040 0.096711 0.094321 0.112324 0.109447 0.109048 0.089546 0.112402 0.113416 0.106282 0.103850 0.110140 0.109907 0.103299 0.092308 0.110259 0.094437 0.094796 0.112708 0.111485 0.110625 0.110727 0.102993 0.103660 0.109894 0.101879 0.099571 0.097200 0.092504 0.101700 0.110229 0.104942 0.104810 0.097396 0.110320 0.097049 0.103143 0.115543
0.115998 0.101647 0.107394 0.105520 0.124319 0.117571 0.117681 0.101661 0.124400 0.120854 0.118255 0.115841 0.120776 0.117393 0.113726 0.110259 0.104021 0.106492 0.103173 0.123590 0.123774 0.122692 0.120978 0.113272 0.111024 0.120543 0.110717 0.107754 0.104604 0.103301 0.111806 0.122026 0.112385 0.115212 0.109395 0.122406 0.109051 0.110549 0.122981
0.100082 0.087006 0.092701 0.091207 0.108403 0.105859 0.105493 0.085779 0.108483 0.109765 0.102339 0.099924 0.106092 0.106262 0.099272 0.094437 0.106492 0.087794 0.091244 0.109554 0.107431 0.107171 0.106731 0.098964 0.099997 0.105868 0.098155 0.095950 0.093543 0.089335 0.098413 0.106160 0.101292 0.101513 0.093478 0.106506 0.093134 0.099488 0.111892
0.100656 0.086665 0.092331 0.089462 0.108977 0.100562 0.100781 0.086267 0.109056 0.105319 0.102920 0.100500 0.105787 0.101826 0.098783 0.094796 0.103173 0.091244 0.083238 0.107322 0.108435 0.107121 0.105960 0.098515 0.095595 0.105523 0.095102 0.091454 0.089093 0.086969 0.094896 0.106744 0.096846 0.098859 0.094051 0.107026 0.093706 0.095030 0.107446
0.118743 0.105389 0.111039 0.106349 0.127062 0.122151 0.121690 0.104243 0.127139 0.126292 0.121022 0.118589 0.124505 0.122710 0.117600 0.112708 0.123590 0.109554 0.107322 0.114855 0.126542 0.124708 0.124934 0.117306 0.116625 0.124238 0.115198 0.112443 0.110126 0.102048 0.112606 0.124951 0.117811 0.116751 0.112133 0.125031 0.111786 0.116065 0.128419
0.116253 0.104400 0.110096 0.108206 0.124572 0.123067 0.122691 0.101832 0.124648 0.126998 0.118540 0.116099 0.123486 0.123492 0.116659 0.111485 0.123774 0.107431 0.108435 0.126542 0.120418 0.123481 0.124103 0.116353 0.117235 0.123263 0.115427 0.113174 0.110779 0.106334 0.115472 0.122632 0.118525 0.118597 0.109641 0.122575 0.109293 0.116723 0.129125
0.115142 0.103600 0.109282 0.106431 0.123456 0.121797 0.121390 0.100174 0.123523 0.125795 0.117489 0.115001 0.122694 0.122280 0.115848 0.110625 0.122692 0.107171 0.107121 0.124708 0.123481 0.098249 0.123264 0.115544 0.116045 0.122459 0.114317 0.111944 0.109581 0.104530 0.113830 0.121823 0.117320 0.117017 0.108513 0.121070 0.108158 0.115524 0.127922
0.116324 0.101617 0.107494 0.106646 0.124646 0.120511 0.120243 0.102048 0.124728 0.124196 0.118572 0.116165 0.120628 0.120707 0.112934 0.110727 0.120978 0.106731 0.105960 0.124934 0.124103 0.123264 0.116058 0.113332 0.114399 0.120582 0.112886 0.110591 0.107963 0.104688 0.113578 0.122283 0.115724 0.116718 0.109724 0.122776 0.109380 0.113912 0.126323
0.108577 0.093745 0.099672 0.098993 0.116898 0.113084 0.112782 0.094307 0.116980 0.116885 0.110823 0.108417 0.112858 0.113391 0.105825 0.102993 0.113272 0.098964 0.098515 0.117306 0.116353 0.115544 0.113332 0.104034 0.107099 0.112738 0.105304 0.103151 0.100657 0.097065 0.106004 0.114528 0.108413 0.109118 0.101976 0.115033 0.101633 0.106603 0.119012
0.109458 0.095289 0.100983 0.098647 0.117779 0.109934 0.110205 0.095095 0.117858 0.112536 0.111718 0.109301 0.114406 0.109105 0.107332 0.103660 0.111024 0.099997 0.095595 0.116625 0.117235 0.116045 0.114399 0.107099 0.101835 0.114161 0.103746 0.100243 0.096259 0.096321 0.104664 0.115514 0.104070 0.108182 0.102854 0.115847 0.102509 0.102224 0.114663
0.115491 0.100695 0.106388 0.105912 0.123813 0.120100 0.119776 0.101221 0.123895 0.123940 0.117738 0.115332 0.119937 0.120444 0.113099 0.109894 0.120543 0.105868 0.105523 0.124238 0.123263 0.122459 0.120582 0.112738 0.114161 0.119296 0.112236 0.110157 0.107714 0.103999 0.112958 0.121445 0.115467 0.116055 0.108891 0.121947 0.108548 0.113659 0.126067
0.107654 0.093409 0.098994 0.097079 0.115975 0.109526 0.109303 0.093309 0.116055 0.113500 0.109912 0.107497 0.112555 0.110018 0.105602 0.101879 0.110717 0.098155 0.095102 0.115198 0.115427 0.114317 0.112886 0.105304 0.103746 0.112236 0.092551 0.098945 0.097266 0.094909 0.103482 0.113693 0.105029 0.106735 0.101051 0.114056 0.100706 0.103207 0.115627
0.105397 0.091301 0.096959 0.094451 0.113718 0.105763 0.105677 0.091025 0.113797 0.109982 0.107659 0.105240 0.110428 0.106505 0.103421 0.099571 0.107754 0.095950 0.091454 0.112443 0.113174 0.111944 0.110591 0.103151 0.100243 0.110157 0.098945 0.092718 0.093746 0.092128 0.100471 0.111464 0.101511 0.103903 0.098792 0.111780 0.098448 0.099684 0.112109
0.103001 0.088843 0.094535 0.092168 0.111322 0.103431 0.103708 0.088637 0.111402 0.104419 0.105262 0.102844 0.107962 0.101053 0.100895 0.097200 0.104604 0.093543 0.089093 0.110126 0.110779 0.109581 0.107963 0.100657 0.096259 0.107714 0.097266 0.093746 0.087503 0.089829 0.098167 0.109059 0.095966 0.101697 0.096397 0.109389 0.096052 0.094560 0.106546
0.098537 0.085150 0.090799 0.086143 0.106856 0.101822 0.101359 0.084045 0.106934 0.106014 0.100816 0.098383 0.104266 0.102459 0.097359 0.092504 0.103301 0.089335 0.086969 0.102048 0.106334 0.104530 0.104688 0.097065 0.096321 0.103999 0.094909 0.092128 0.089829 0.080118 0.091903 0.104738 0.097536 0.096429 0.091928 0.104831 0.091581 0.095769 0.108141
0.107681 0.094107 0.099760 0.095615 0.116001 0.110018 0.109672 0.093221 0.116079 0.114359 0.109955 0.107527 0.113226 0.110813 0.106291 0.101700 0.111806 0.098413 0.094896 0.112606 0.115472 0.113830 0.113578 0.106004 0.104664 0.112958 0.103482 0.100471 0.098167 0.091903 0.083737 0.113846 0.105882 0.105436 0.101073 0.113998 0.100727 0.104106 0.116486
0.113543 0.102576 0.108287 0.106621 0.121876 0.121366 0.121000 0.100044 0.121978 0.125280 0.115643 0.113365 0.121652 0.121775 0.114832 0.110229 0.122026 0.106160 0.106744 0.124951 0.122632 0.121823 0.122283 0.114528 0.115514 0.121445 0.113693 0.111464 0.109059 0.104738 0.113846 0.114709 0.116806 0.116970 0.106983 0.120603 0.106655 0.115003 0.127407
0.110747 0.096597 0.102288 0.099896 0.119067 0.111192 0.111463 0.096381 0.119147 0.108431 0.113007 0.110590 0.115716 0.104625 0.108651 0.104942 0.112385 0.101292 0.096846 0.117811 0.118525 0.117320 0.115724 0.108413 0.104070 0.115467 0.105029 0.101511 0.095966 0.097536 0.105882 0.116806 0.097947 0.109430 0.104142 0.117134 0.103798 0.101784 0.110558
0.110814 0.097209 0.102849 0.098646 0.119134 0.113628 0.113010 0.096366 0.119212 0.117905 0.113087 0.110660 0.116329 0.114385 0.109410 0.104810 0.115212 0.101513 0.098859 0.116751 0.118597 0.117017 0.116718 0.109118 0.108182 0.116055 0.106735 0.103903 0.101697 0.096429 0.105436 0.116970 0.109430 0.104721 0.104207 0.117140 0.103860 0.107637 0.120032
0.098003 0.090025 0.095727 0.093809 0.106144 0.108684 0.108309 0.086554 0.105589 0.112616 0.101367 0.098405 0.109107 0.109110 0.102280 0.097396 0.109395 0.093478 0.094051 0.112133 0.109641 0.108513 0.109724 0.101976 0.102854 0.108891 0.101051 0.098792 0.096397 0.091928 0.101073 0.106983 0.104142 0.104207 0.089357 0.106866 0.090532 0.102341 0.114743
0.113520 0.103083 0.108781 0.106711 0.121827 0.121666 0.121285 0.099041 0.121883 0.125607 0.115947 0.113399 0.122168 0.122100 0.115338 0.110320 0.122406 0.106506 0.107026 0.125031 0.122575 0.121070 0.122776 0.115033 0.115847 0.121947 0.114056 0.111780 0.109389 0.104831 0.113998 0.120603 0.117134 0.117140 0.106866 0.114398 0.106502 0.115333 0.127734
0.097804 0.089682 0.095384 0.093462 0.105991 0.108339 0.107963 0.086197 0.105735 0.112271 0.101072 0.098124 0.108764 0.108765 0.101937 0.097049 0.109051 0.093134 0.093706 0.111786 0.109293 0.108158 0.109380 0.101633 0.102509 0.108548 0.100706 0.098448 0.096052 0.091581 0.100727 0.106655 0.103798 0.103860 0.090532 0.106502 0.089368 0.101996 0.114398
0.108945 0.094788 0.100479 0.098109 0.117266 0.109369 0.109646 0.094580 0.117346 0.110262 0.111205 0.108788 0.113907 0.106863 0.106841 0.103143 0.110549 0.099488 0.095030 0.116065 0.116723 0.115524 0.113912 0.106603 0.102224 0.113659 0.103207 0.099684 0.094560 0.095769 0.104106 0.115003 0.101784 0.107637 0.102341 0.115333 0.101996 0.095132 0.112389
0.121347 0.107197 0.112887 0.110499 0.129668 0.121791 0.122063 0.106982 0.129748 0.106232 0.123608 0.121190 0.126316 0.115703 0.119251 0.115543 0.122981 0.111892 0.107446 0.128419 0.129125 0.127922 0.126323 0.119012 0.114663 0.126067 0.115627 0.112109 0.106546 0.108141 0.116486 0.127407 0.110558 0.120032 0.114743 0.127734 0.114398 0.112389 0.093184
