      AMA340 0.0057 0.2084 0.0002 0.0003 0.7854 
      AMA601 0.0163 0.1869 0.0005 0.0002 0.7961 
      AMA656 0.0212 0.1729 0.0004 0.0003 0.8052 
    AMANA034 0.1184 0.0632 0.0015 0.0005 0.8163 
    AMANA137 0.1313 0.0501 0.0041 0.0003 0.8142 
      AMZ551 0.1803 0.0492 0.0018 0.0083 0.7604 
      AMZ610 0.1643 0.0390 0.0005 0.0027 0.7935 
       B4615 0.0033 0.2111 0.0003 0.0002 0.7852 
       B5082 0.0068 0.1949 0.0004 0.0002 0.7976 
       BR033 0.2334 0.0012 0.0027 0.0005 0.7623 
       BR036 0.2220 0.0018 0.0060 0.0002 0.7699 
     BR36440 0.0118 0.1777 0.0013 0.0013 0.8079 
      CAM117 0.0047 0.2213 0.0004 0.0003 0.7734 
      CPE012 0.0015 0.0004 0.0391 0.2566 0.7024 
      CPE025 0.0044 0.0004 0.0399 0.2445 0.7108 
      CPE049 0.0035 0.0006 0.0344 0.2218 0.7396 
      CPE069 0.0073 0.0007 0.0293 0.2571 0.7056 
    CPEII008 0.0022 0.0004 0.0344 0.2582 0.7047 
      CUJ027 0.0282 0.1848 0.0006 0.0002 0.7862 
      CUJ072 0.0289 0.1696 0.0005 0.0001 0.8008 
      FPR006 0.1207 0.1080 0.0003 0.0001 0.7709 
      FPR015 0.1249 0.0719 0.0022 0.0003 0.8007 
      FPR021 0.1622 0.0649 0.0003 0.0001 0.7725 
    GAPTO259 0.0084 0.0009 0.2015 0.0536 0.7355 
    GAPTO268 0.0048 0.0007 0.2125 0.0471 0.7349 
    GAPTO277 0.0208 0.0009 0.1434 0.0454 0.7895 
    GAPTO327 0.0081 0.0010 0.1981 0.0542 0.7386 
      MAM010 0.1183 0.0847 0.0014 0.0002 0.7954 
      MAR092 0.1154 0.0723 0.0007 0.0005 0.8111 
       MF005 0.2000 0.0023 0.0301 0.0044 0.7633 
     MPDS628 0.1192 0.0536 0.0020 0.0006 0.8245 
      MSF107 0.1620 0.0028 0.0047 0.0171 0.8133 
       MT087 0.1960 0.0432 0.0002 0.0001 0.7605 
       MT123 0.2160 0.0187 0.0002 0.0001 0.7651 
       OM022 0.0480 0.1822 0.0002 0.0002 0.7694 
       OM112 0.0391 0.1925 0.0003 0.0001 0.7680 
       OM172 0.0357 0.1766 0.0004 0.0002 0.7871 
       OP100 0.1394 0.1004 0.0006 0.0002 0.7595 
     PIME024 0.1681 0.0517 0.0004 0.0004 0.7794 
     PIME062 0.1489 0.0636 0.0003 0.0001 0.7871 
     PIME079 0.1053 0.0771 0.0003 0.0006 0.8166 
     PIME134 0.1419 0.0025 0.0489 0.0205 0.7863 
     PIME135 0.1683 0.0013 0.0370 0.0162 0.7771 
     PIME169 0.1409 0.0663 0.0006 0.0002 0.7920 
     PIME460 0.1375 0.0788 0.0004 0.0002 0.7830 
     PIME482 0.1836 0.0022 0.0165 0.0037 0.7939 
     PIME521 0.1579 0.0032 0.0339 0.0012 0.8039 
     PIME522 0.1987 0.0034 0.0087 0.0051 0.7841 
    PPBIO221 0.1066 0.0013 0.0524 0.0391 0.8005 
    PPBIO305 0.1292 0.0010 0.0400 0.0447 0.7851 
      PPS041 0.1710 0.0313 0.0005 0.0002 0.7970 
      PPS174 0.1909 0.0007 0.0004 0.0007 0.8073 
      PPS221 0.1639 0.0253 0.0003 0.0002 0.8104 
      PPS352 0.1477 0.0412 0.0024 0.0015 0.8072 
      PUC008 0.0427 0.1709 0.0003 0.0002 0.7860 
      RDO007 0.0823 0.0010 0.0796 0.0731 0.7640 
      TLP025 0.2051 0.0045 0.0005 0.0002 0.7897 
      TLP123 0.2215 0.0025 0.0003 0.0001 0.7756 
    UFAC1007 0.0086 0.1770 0.0004 0.0005 0.8134 
     UFAC305 0.0273 0.1835 0.0002 0.0001 0.7888 
     UFAC476 0.0048 0.1811 0.0004 0.0002 0.8135 
      UHE442 0.1513 0.0075 0.0543 0.0340 0.7530 
      UNA002 0.0011 0.0004 0.0145 0.2678 0.7163 
      UNA018 0.0012 0.0003 0.0081 0.2840 0.7064 
      UNA088 0.0045 0.0008 0.0205 0.2383 0.7358 
      UNA110 0.0009 0.0003 0.0164 0.2743 0.7081 
      UNA124 0.0022 0.0005 0.0045 0.2580 0.7347 
       WM281 0.1563 0.0086 0.0154 0.0158 0.8039 
       WM293 0.1779 0.0020 0.0422 0.0090 0.7689 
