      AMA340 0.9728 0.0009 0.0249 0.0014 
      AMA601 0.9368 0.0017 0.0608 0.0007 
      AMA656 0.9321 0.0025 0.0641 0.0013 
    AMANA034 0.6251 0.0079 0.3631 0.0039 
    AMANA137 0.5742 0.0317 0.3917 0.0024 
      AMZ551 0.4747 0.0284 0.4039 0.0930 
      AMZ610 0.5497 0.0032 0.3896 0.0575 
       B4615 0.9886 0.0013 0.0091 0.0010 
       B5082 0.9811 0.0022 0.0155 0.0012 
       BR033 0.2698 0.0524 0.6471 0.0308 
       BR036 0.2981 0.0559 0.6434 0.0026 
     BR36440 0.9514 0.0073 0.0354 0.0059 
      CAM117 0.9768 0.0013 0.0199 0.0020 
      CPE012 0.0032 0.0733 0.0029 0.9207 
      CPE025 0.0031 0.0585 0.0121 0.9264 
      CPE049 0.0067 0.0669 0.0166 0.9098 
      CPE069 0.0046 0.0312 0.0060 0.9582 
    CPEII008 0.0023 0.0497 0.0042 0.9438 
      CUJ027 0.9114 0.0058 0.0817 0.0010 
      CUJ072 0.9124 0.0025 0.0844 0.0008 
      FPR006 0.6486 0.0010 0.3497 0.0007 
      FPR015 0.5961 0.0354 0.3647 0.0038 
      FPR021 0.5485 0.0039 0.4467 0.0009 
    GAPTO259 0.0067 0.7484 0.0129 0.2321 
    GAPTO268 0.0050 0.7632 0.0207 0.2112 
    GAPTO277 0.0323 0.5922 0.1458 0.2297 
    GAPTO327 0.0088 0.7369 0.0149 0.2394 
      MAM010 0.6338 0.0368 0.3279 0.0015 
      MAR092 0.6489 0.0045 0.3412 0.0054 
       MF005 0.2648 0.1386 0.5073 0.0893 
     MPDS628 0.6343 0.0248 0.3347 0.0062 
      MSF107 0.2110 0.0855 0.5475 0.1561 
       MT087 0.5062 0.0015 0.4916 0.0007 
       MT123 0.4301 0.0008 0.5687 0.0004 
       OM022 0.8258 0.0011 0.1720 0.0011 
       OM112 0.8843 0.0015 0.1135 0.0006 
       OM172 0.8623 0.0022 0.1343 0.0012 
       OP100 0.6063 0.0038 0.3886 0.0013 
     PIME024 0.5457 0.0028 0.4419 0.0095 
     PIME062 0.5768 0.0021 0.4204 0.0007 
     PIME079 0.6652 0.0016 0.3222 0.0110 
     PIME134 0.2763 0.1854 0.4125 0.1258 
     PIME135 0.2496 0.1645 0.4782 0.1077 
     PIME169 0.5775 0.0079 0.4134 0.0013 
     PIME460 0.6560 0.0024 0.3400 0.0016 
     PIME482 0.3029 0.0954 0.5385 0.0632 
     PIME521 0.3124 0.1575 0.5065 0.0236 
     PIME522 0.3394 0.0632 0.5104 0.0870 
    PPBIO221 0.1969 0.2018 0.4073 0.1940 
    PPBIO305 0.1875 0.1576 0.4263 0.2286 
      PPS041 0.5315 0.0049 0.4615 0.0022 
      PPS174 0.2537 0.0030 0.7290 0.0143 
      PPS221 0.5097 0.0025 0.4869 0.0010 
      PPS352 0.5375 0.0094 0.4453 0.0078 
      PUC008 0.8784 0.0015 0.1192 0.0009 
      RDO007 0.0931 0.2936 0.2962 0.3171 
      TLP025 0.3845 0.0069 0.6050 0.0036 
      TLP123 0.3191 0.0017 0.6784 0.0008 
    UFAC1007 0.9517 0.0026 0.0429 0.0028 
     UFAC305 0.9161 0.0007 0.0826 0.0006 
     UFAC476 0.9616 0.0016 0.0359 0.0008 
      UHE442 0.2701 0.2067 0.3425 0.1807 
      UNA002 0.0024 0.0080 0.0023 0.9874 
      UNA018 0.0017 0.0017 0.0023 0.9943 
      UNA088 0.0127 0.0292 0.0309 0.9273 
      UNA110 0.0021 0.0068 0.0024 0.9887 
      UNA124 0.0042 0.0029 0.0055 0.9873 
       WM281 0.3759 0.0701 0.4161 0.1378 
       WM293 0.2617 0.1643 0.4706 0.1034 
