      AMA340 0.0008 0.0198 0.9780 0.0014 
      AMA601 0.0017 0.0539 0.9436 0.0008 
      AMA656 0.0023 0.0535 0.9428 0.0013 
    AMANA034 0.0072 0.3491 0.6399 0.0037 
    AMANA137 0.0298 0.3821 0.5859 0.0022 
      AMZ551 0.0269 0.3956 0.4850 0.0925 
      AMZ610 0.0034 0.3784 0.5604 0.0578 
       B4615 0.0013 0.0067 0.9910 0.0010 
       B5082 0.0021 0.0109 0.9857 0.0013 
       BR033 0.0478 0.6425 0.2797 0.0300 
       BR036 0.0519 0.6385 0.3069 0.0027 
     BR36440 0.0066 0.0291 0.9584 0.0059 
      CAM117 0.0012 0.0155 0.9812 0.0020 
      CPE012 0.0721 0.0029 0.0032 0.9219 
      CPE025 0.0565 0.0126 0.0033 0.9276 
      CPE049 0.0643 0.0169 0.0073 0.9115 
      CPE069 0.0292 0.0066 0.0046 0.9596 
    CPEII008 0.0472 0.0047 0.0024 0.9458 
      CUJ027 0.0055 0.0707 0.9227 0.0011 
      CUJ072 0.0023 0.0773 0.9196 0.0008 
      FPR006 0.0009 0.3358 0.6626 0.0007 
      FPR015 0.0336 0.3539 0.6082 0.0043 
      FPR021 0.0034 0.4347 0.5611 0.0009 
    GAPTO259 0.7392 0.0170 0.0069 0.2368 
    GAPTO268 0.7525 0.0265 0.0055 0.2155 
    GAPTO277 0.5819 0.1516 0.0335 0.2329 
    GAPTO327 0.7274 0.0185 0.0098 0.2443 
      MAM010 0.0359 0.3158 0.6466 0.0016 
      MAR092 0.0037 0.3309 0.6593 0.0061 
       MF005 0.1346 0.5017 0.2741 0.0896 
     MPDS628 0.0225 0.3247 0.6458 0.0070 
      MSF107 0.0789 0.5480 0.2198 0.1534 
       MT087 0.0013 0.4789 0.5190 0.0007 
       MT123 0.0007 0.5546 0.4442 0.0004 
       OM022 0.0012 0.1611 0.8366 0.0011 
       OM112 0.0014 0.1038 0.8941 0.0007 
       OM172 0.0021 0.1231 0.8735 0.0013 
       OP100 0.0039 0.3744 0.6205 0.0013 
     PIME024 0.0025 0.4305 0.5574 0.0096 
     PIME062 0.0020 0.4072 0.5902 0.0007 
     PIME079 0.0015 0.3097 0.6776 0.0112 
     PIME134 0.1812 0.4068 0.2866 0.1254 
     PIME135 0.1589 0.4762 0.2573 0.1077 
     PIME169 0.0073 0.4018 0.5897 0.0013 
     PIME460 0.0022 0.3266 0.6697 0.0016 
     PIME482 0.0913 0.5320 0.3130 0.0637 
     PIME521 0.1526 0.5020 0.3213 0.0241 
     PIME522 0.0580 0.5065 0.3484 0.0870 
    PPBIO221 0.1959 0.4056 0.2035 0.1951 
    PPBIO305 0.1525 0.4242 0.1947 0.2286 
      PPS041 0.0042 0.4484 0.5452 0.0021 
      PPS174 0.0025 0.7211 0.2625 0.0138 
      PPS221 0.0023 0.4731 0.5236 0.0010 
      PPS352 0.0088 0.4360 0.5476 0.0077 
      PUC008 0.0014 0.1112 0.8865 0.0009 
      RDO007 0.2865 0.2936 0.1021 0.3178 
      TLP025 0.0066 0.5951 0.3951 0.0032 
      TLP123 0.0015 0.6672 0.3304 0.0008 
    UFAC1007 0.0025 0.0371 0.9576 0.0028 
     UFAC305 0.0006 0.0726 0.9262 0.0006 
     UFAC476 0.0016 0.0274 0.9702 0.0008 
      UHE442 0.2014 0.3398 0.2776 0.1811 
      UNA002 0.0080 0.0023 0.0025 0.9872 
      UNA018 0.0018 0.0025 0.0017 0.9939 
      UNA088 0.0264 0.0325 0.0134 0.9278 
      UNA110 0.0066 0.0024 0.0021 0.9888 
      UNA124 0.0029 0.0052 0.0045 0.9874 
       WM281 0.0658 0.4097 0.3851 0.1394 
       WM293 0.1587 0.4669 0.2701 0.1043 
