      AMA340 0.0002 0.0147 0.0002 0.7839 0.1984 0.0026 
      AMA601 0.0005 0.0291 0.0001 0.7946 0.1718 0.0038 
      AMA656 0.0004 0.0240 0.0002 0.8038 0.1629 0.0087 
    AMANA034 0.0020 0.0691 0.0006 0.8158 0.0635 0.0490 
    AMANA137 0.0046 0.0584 0.0003 0.8129 0.0440 0.0799 
      AMZ551 0.0023 0.0751 0.0097 0.7591 0.0443 0.1095 
      AMZ610 0.0007 0.0806 0.0037 0.7923 0.0341 0.0887 
       B4615 0.0003 0.0058 0.0001 0.7838 0.2077 0.0022 
       B5082 0.0004 0.0235 0.0002 0.7960 0.1781 0.0019 
       BR033 0.0007 0.0032 0.0002 0.7600 0.0011 0.2347 
       BR036 0.0027 0.0355 0.0002 0.7682 0.0017 0.1917 
     BR36440 0.0015 0.0068 0.0011 0.8071 0.1757 0.0079 
      CAM117 0.0003 0.0175 0.0002 0.7719 0.2082 0.0019 
      CPE012 0.0462 0.0005 0.2514 0.6999 0.0004 0.0015 
      CPE025 0.0471 0.0014 0.2390 0.7084 0.0004 0.0037 
      CPE049 0.0409 0.0009 0.2164 0.7373 0.0005 0.0040 
      CPE069 0.0338 0.0010 0.2520 0.7032 0.0006 0.0093 
    CPEII008 0.0407 0.0006 0.2534 0.7023 0.0004 0.0026 
      CUJ027 0.0006 0.0368 0.0002 0.7847 0.1729 0.0049 
      CUJ072 0.0005 0.0213 0.0001 0.7994 0.1648 0.0139 
      FPR006 0.0004 0.1303 0.0001 0.7701 0.0894 0.0096 
      FPR015 0.0024 0.0489 0.0003 0.7995 0.0670 0.0819 
      FPR021 0.0003 0.0679 0.0001 0.7712 0.0603 0.1002 
    GAPTO259 0.2172 0.0022 0.0446 0.7319 0.0006 0.0034 
    GAPTO268 0.2279 0.0008 0.0373 0.7311 0.0005 0.0024 
    GAPTO277 0.1548 0.0015 0.0381 0.7869 0.0007 0.0180 
    GAPTO327 0.2131 0.0014 0.0456 0.7350 0.0007 0.0042 
      MAM010 0.0018 0.0519 0.0002 0.7938 0.0808 0.0715 
      MAR092 0.0007 0.0440 0.0004 0.8097 0.0676 0.0776 
       MF005 0.0218 0.0099 0.0012 0.7611 0.0017 0.2043 
     MPDS628 0.0018 0.0448 0.0005 0.8230 0.0471 0.0829 
      MSF107 0.0051 0.0214 0.0135 0.8118 0.0027 0.1455 
       MT087 0.0003 0.2243 0.0001 0.7594 0.0109 0.0049 
       MT123 0.0002 0.2312 0.0001 0.7639 0.0027 0.0019 
       OM022 0.0003 0.0374 0.0002 0.7679 0.1755 0.0188 
       OM112 0.0004 0.0419 0.0001 0.7664 0.1821 0.0090 
       OM172 0.0004 0.0310 0.0002 0.7856 0.1692 0.0136 
       OP100 0.0018 0.1536 0.0002 0.7588 0.0789 0.0068 
     PIME024 0.0004 0.0528 0.0003 0.7779 0.0493 0.1194 
     PIME062 0.0003 0.0541 0.0001 0.7858 0.0590 0.1007 
     PIME079 0.0003 0.0312 0.0006 0.8153 0.0750 0.0776 
     PIME134 0.0445 0.0017 0.0093 0.7838 0.0017 0.1590 
     PIME135 0.0299 0.0010 0.0037 0.7746 0.0010 0.1899 
     PIME169 0.0006 0.0556 0.0002 0.7907 0.0612 0.0918 
     PIME460 0.0005 0.0811 0.0002 0.7816 0.0710 0.0655 
     PIME482 0.0071 0.0045 0.0012 0.7920 0.0019 0.1933 
     PIME521 0.0259 0.0066 0.0007 0.8013 0.0031 0.1622 
     PIME522 0.0029 0.0068 0.0010 0.7822 0.0032 0.2039 
    PPBIO221 0.0513 0.0017 0.0310 0.7981 0.0011 0.1169 
    PPBIO305 0.0354 0.0022 0.0373 0.7829 0.0008 0.1414 
      PPS041 0.0014 0.1467 0.0003 0.7966 0.0198 0.0352 
      PPS174 0.0003 0.0105 0.0004 0.8055 0.0007 0.1826 
      PPS221 0.0007 0.1594 0.0002 0.8092 0.0171 0.0133 
      PPS352 0.0047 0.1317 0.0016 0.8061 0.0275 0.0284 
      PUC008 0.0003 0.0107 0.0002 0.7845 0.1680 0.0363 
      RDO007 0.0836 0.0060 0.0655 0.7615 0.0008 0.0826 
      TLP025 0.0005 0.0513 0.0002 0.7882 0.0048 0.1550 
      TLP123 0.0003 0.0892 0.0001 0.7743 0.0023 0.1338 
    UFAC1007 0.0005 0.0108 0.0004 0.8118 0.1715 0.0049 
     UFAC305 0.0002 0.0401 0.0001 0.7874 0.1671 0.0051 
     UFAC476 0.0003 0.0099 0.0002 0.8121 0.1748 0.0026 
      UHE442 0.0511 0.0036 0.0252 0.7506 0.0052 0.1643 
      UNA002 0.0185 0.0004 0.2657 0.7140 0.0004 0.0010 
      UNA018 0.0124 0.0004 0.2815 0.7044 0.0003 0.0009 
      UNA088 0.0254 0.0012 0.2347 0.7335 0.0008 0.0044 
      UNA110 0.0202 0.0004 0.2724 0.7060 0.0003 0.0008 
      UNA124 0.0076 0.0010 0.2563 0.7327 0.0005 0.0019 
       WM281 0.0133 0.0168 0.0089 0.8022 0.0068 0.1520 
       WM293 0.0361 0.0019 0.0019 0.7664 0.0016 0.1922 
