      AMA340 0.2114 0.7846 0.0002 0.0036 0.0002 
      AMA601 0.1942 0.7951 0.0002 0.0101 0.0005 
      AMA656 0.1808 0.8042 0.0002 0.0144 0.0003 
    AMANA034 0.0709 0.8155 0.0006 0.1115 0.0015 
    AMANA137 0.0562 0.8132 0.0003 0.1262 0.0040 
      AMZ551 0.0544 0.7595 0.0085 0.1761 0.0016 
      AMZ610 0.0450 0.7926 0.0028 0.1591 0.0005 
       B4615 0.2133 0.7841 0.0002 0.0022 0.0002 
       B5082 0.1988 0.7965 0.0002 0.0041 0.0004 
       BR033 0.0012 0.7615 0.0005 0.2348 0.0020 
       BR036 0.0020 0.7690 0.0002 0.2235 0.0052 
     BR36440 0.1806 0.8068 0.0012 0.0102 0.0012 
      CAM117 0.2242 0.7723 0.0002 0.0030 0.0003 
      CPE012 0.0005 0.7017 0.2585 0.0015 0.0378 
      CPE025 0.0005 0.7102 0.2461 0.0047 0.0385 
      CPE049 0.0007 0.7389 0.2234 0.0037 0.0333 
      CPE069 0.0008 0.7050 0.2586 0.0076 0.0281 
    CPEII008 0.0004 0.7041 0.2599 0.0022 0.0333 
      CUJ027 0.1957 0.7852 0.0002 0.0184 0.0005 
      CUJ072 0.1783 0.7999 0.0001 0.0212 0.0005 
      FPR006 0.1191 0.7701 0.0001 0.1104 0.0003 
      FPR015 0.0781 0.7999 0.0003 0.1194 0.0022 
      FPR021 0.0719 0.7717 0.0001 0.1559 0.0003 
    GAPTO259 0.0010 0.7357 0.0544 0.0115 0.1974 
    GAPTO268 0.0009 0.7352 0.0481 0.0066 0.2092 
    GAPTO277 0.0009 0.7893 0.0458 0.0241 0.1398 
    GAPTO327 0.0012 0.7387 0.0551 0.0108 0.1942 
      MAM010 0.0917 0.7944 0.0002 0.1123 0.0014 
      MAR092 0.0786 0.8101 0.0005 0.1102 0.0007 
       MF005 0.0025 0.7626 0.0045 0.2017 0.0287 
     MPDS628 0.0603 0.8236 0.0007 0.1136 0.0019 
      MSF107 0.0030 0.8124 0.0166 0.1637 0.0043 
       MT087 0.0502 0.7597 0.0001 0.1898 0.0002 
       MT123 0.0255 0.7642 0.0001 0.2100 0.0002 
       OM022 0.1924 0.7684 0.0002 0.0387 0.0002 
       OM112 0.2051 0.7670 0.0001 0.0275 0.0004 
       OM172 0.1875 0.7862 0.0002 0.0257 0.0004 
       OP100 0.1099 0.7586 0.0002 0.1308 0.0006 
     PIME024 0.0582 0.7785 0.0004 0.1626 0.0003 
     PIME062 0.0695 0.7863 0.0001 0.1438 0.0003 
     PIME079 0.0829 0.8158 0.0007 0.1004 0.0003 
     PIME134 0.0027 0.7857 0.0206 0.1442 0.0469 
     PIME135 0.0014 0.7765 0.0166 0.1706 0.0349 
     PIME169 0.0725 0.7912 0.0002 0.1356 0.0006 
     PIME460 0.0879 0.7821 0.0002 0.1295 0.0004 
     PIME482 0.0026 0.7931 0.0039 0.1852 0.0151 
     PIME521 0.0036 0.8031 0.0011 0.1597 0.0324 
     PIME522 0.0040 0.7834 0.0050 0.2001 0.0075 
    PPBIO221 0.0014 0.7998 0.0393 0.1087 0.0507 
    PPBIO305 0.0011 0.7845 0.0450 0.1312 0.0382 
      PPS041 0.0374 0.7962 0.0002 0.1658 0.0004 
      PPS174 0.0008 0.8065 0.0007 0.1917 0.0003 
      PPS221 0.0300 0.8096 0.0002 0.1599 0.0003 
      PPS352 0.0453 0.8063 0.0014 0.1446 0.0024 
      PUC008 0.1804 0.7851 0.0002 0.0341 0.0003 
      RDO007 0.0011 0.7635 0.0736 0.0849 0.0769 
      TLP025 0.0055 0.7889 0.0002 0.2049 0.0005 
      TLP123 0.0031 0.7747 0.0001 0.2218 0.0003 
    UFAC1007 0.1813 0.8123 0.0004 0.0055 0.0004 
     UFAC305 0.1944 0.7879 0.0001 0.0174 0.0002 
     UFAC476 0.1839 0.8124 0.0002 0.0032 0.0003 
      UHE442 0.0082 0.7524 0.0343 0.1529 0.0522 
      UNA002 0.0004 0.7155 0.2690 0.0010 0.0140 
      UNA018 0.0003 0.7056 0.2849 0.0011 0.0080 
      UNA088 0.0009 0.7351 0.2396 0.0045 0.0198 
      UNA110 0.0003 0.7073 0.2754 0.0009 0.0161 
      UNA124 0.0005 0.7339 0.2591 0.0021 0.0044 
       WM281 0.0104 0.8032 0.0157 0.1560 0.0146 
       WM293 0.0022 0.7681 0.0094 0.1798 0.0404 
