0.103643 0.096711 0.102480 0.100174 0.112275 0.115012 0.114624 0.093360 0.112916 0.119023 0.107551 0.104574 0.115776 0.115546 0.109228 0.103921 0.116052 0.100118 0.100598 0.118658 0.116242 0.114772 0.117678 0.109037 0.109024 0.115375 0.107355 0.104915 0.102898 0.098355 0.107604 0.113155 0.111073 0.110770 0.097920 0.113895 0.097777 0.109237 0.121326
0.096711 0.081945 0.087995 0.087101 0.104910 0.101196 0.100829 0.082384 0.105258 0.105039 0.099007 0.096531 0.101225 0.101584 0.094674 0.090989 0.101799 0.086931 0.086788 0.105586 0.104491 0.103395 0.103277 0.094438 0.094996 0.100798 0.093329 0.091056 0.088890 0.085274 0.094430 0.102657 0.097090 0.097368 0.090182 0.103556 0.089915 0.095232 0.107342
0.102480 0.087995 0.093150 0.092845 0.110679 0.106945 0.106575 0.088148 0.111027 0.110815 0.104776 0.102299 0.107124 0.107358 0.100585 0.096745 0.107631 0.092697 0.092538 0.111332 0.110257 0.109155 0.109152 0.100369 0.100778 0.106566 0.099023 0.096802 0.094668 0.091020 0.100176 0.108431 0.102866 0.103110 0.095951 0.109321 0.095683 0.101009 0.113118
0.100174 0.087101 0.092845 0.086229 0.108371 0.104045 0.103614 0.085516 0.108714 0.108361 0.102501 0.099999 0.106179 0.104846 0.099575 0.094381 0.105832 0.091019 0.089622 0.106526 0.108071 0.106232 0.107752 0.099399 0.098436 0.105758 0.096825 0.094033 0.092277 0.086199 0.095572 0.106389 0.100410 0.098886 0.093635 0.106787 0.093363 0.098612 0.110664
0.112275 0.104910 0.110679 0.108371 0.119388 0.123210 0.122822 0.101552 0.120917 0.127221 0.115784 0.112801 0.123976 0.123744 0.117427 0.112118 0.124251 0.108317 0.108796 0.126855 0.124440 0.122965 0.125877 0.117236 0.117222 0.123574 0.115553 0.113113 0.111097 0.106551 0.115801 0.121368 0.119271 0.118967 0.105956 0.122081 0.105852 0.117436 0.129524
0.115012 0.101196 0.106945 0.104045 0.123210 0.114161 0.114373 0.100525 0.123555 0.119962 0.117323 0.114834 0.120278 0.116439 0.113544 0.109236 0.118420 0.105521 0.100176 0.122111 0.122845 0.121392 0.121054 0.113410 0.110118 0.119860 0.109011 0.104973 0.103898 0.101780 0.110581 0.121090 0.112009 0.113140 0.108478 0.121745 0.108208 0.110221 0.122264
0.114624 0.100829 0.106575 0.103614 0.122822 0.114373 0.113099 0.100134 0.123167 0.119771 0.116936 0.114446 0.119912 0.116253 0.113186 0.108847 0.118147 0.105141 0.100062 0.121698 0.122459 0.120997 0.120740 0.113050 0.109914 0.119491 0.108679 0.104720 0.103700 0.101363 0.110185 0.120706 0.111818 0.112653 0.108090 0.121355 0.107821 0.110024 0.122073
0.093360 0.082384 0.088148 0.085516 0.101552 0.100525 0.100134 0.077495 0.101885 0.104570 0.095752 0.093198 0.101452 0.101088 0.094897 0.089362 0.101653 0.085778 0.086110 0.103991 0.101877 0.099557 0.103316 0.094708 0.094580 0.101047 0.092917 0.090438 0.088451 0.083690 0.092962 0.100081 0.096620 0.096189 0.086802 0.099520 0.086522 0.094790 0.106873
0.112916 0.105258 0.111027 0.108714 0.120917 0.123555 0.123167 0.101885 0.119987 0.127567 0.116203 0.113224 0.124324 0.124090 0.117775 0.112462 0.124598 0.108664 0.109142 0.127197 0.124785 0.123298 0.126225 0.117585 0.117568 0.123923 0.115899 0.113459 0.111443 0.106894 0.116144 0.121744 0.119617 0.119311 0.105590 0.122400 0.105819 0.117782 0.129870
0.119023 0.105039 0.110815 0.108361 0.127221 0.119962 0.119771 0.104570 0.127567 0.104113 0.121331 0.118845 0.124115 0.113870 0.117285 0.113259 0.121352 0.109470 0.105533 0.126404 0.126845 0.125468 0.124235 0.117196 0.111976 0.123715 0.113221 0.109803 0.104371 0.106135 0.115049 0.125073 0.108497 0.117807 0.112490 0.125780 0.112221 0.110770 0.106416
0.107551 0.099007 0.104776 0.102501 0.115784 0.117323 0.116936 0.095752 0.116203 0.121331 0.107572 0.107227 0.118072 0.117854 0.111524 0.106241 0.118355 0.102417 0.102909 0.120986 0.118559 0.117155 0.119978 0.111334 0.111331 0.117672 0.109661 0.107225 0.105206 0.100682 0.109929 0.115268 0.113381 0.113089 0.101158 0.116356 0.100939 0.111545 0.123634
0.104574 0.096531 0.102299 0.099999 0.112801 0.114834 0.114446 0.093198 0.113224 0.118845 0.107227 0.103381 0.115596 0.115367 0.109048 0.103744 0.115873 0.099938 0.100420 0.118484 0.116064 0.114609 0.117499 0.108857 0.108845 0.115195 0.107176 0.104737 0.102720 0.098180 0.107429 0.112946 0.110895 0.110593 0.098184 0.113750 0.097975 0.109059 0.121147
0.115776 0.101225 0.107124 0.106179 0.123976 0.120278 0.119912 0.101452 0.124324 0.124115 0.118072 0.115596 0.120070 0.120660 0.113672 0.110061 0.120879 0.105998 0.105870 0.124664 0.123558 0.122464 0.122296 0.113496 0.114071 0.119961 0.112425 0.110139 0.107965 0.104351 0.113508 0.121720 0.116166 0.116448 0.109248 0.122624 0.108980 0.114307 0.126418
0.115546 0.101584 0.107358 0.104846 0.123744 0.116439 0.116253 0.101088 0.124090 0.113870 0.117854 0.115367 0.120660 0.097032 0.113840 0.109782 0.117976 0.106002 0.102001 0.122816 0.123370 0.121981 0.120839 0.113746 0.108694 0.120259 0.109759 0.106313 0.101283 0.102573 0.111488 0.121599 0.105721 0.114291 0.109013 0.122300 0.108744 0.107619 0.116173
0.109228 0.094674 0.100585 0.099575 0.117427 0.113544 0.113186 0.094897 0.117775 0.117285 0.111524 0.109048 0.113672 0.113840 0.104906 0.103510 0.114078 0.099462 0.099136 0.118043 0.117012 0.115903 0.114720 0.106764 0.107214 0.113419 0.105736 0.103399 0.101124 0.097730 0.106875 0.115177 0.109337 0.109801 0.102699 0.116070 0.102432 0.107469 0.119588
0.103921 0.090989 0.096745 0.094381 0.112118 0.109236 0.108847 0.089362 0.112462 0.113259 0.106241 0.103744 0.110061 0.109782 0.103510 0.092529 0.110305 0.094410 0.094823 0.112931 0.111525 0.110303 0.111945 0.103317 0.103260 0.109648 0.101585 0.099139 0.097135 0.092623 0.101864 0.110110 0.105309 0.104982 0.097384 0.110604 0.097113 0.103474 0.115562
0.116052 0.101799 0.107631 0.105832 0.124251 0.118420 0.118147 0.101653 0.124598 0.121352 0.118355 0.115873 0.120879 0.117976 0.114078 0.110305 0.105702 0.106402 0.104012 0.124108 0.123856 0.122598 0.121746 0.113704 0.111181 0.120501 0.111053 0.108218 0.105118 0.103797 0.112802 0.122057 0.113406 0.115601 0.109521 0.122846 0.109253 0.111464 0.123655
0.100118 0.086931 0.092697 0.091019 0.108317 0.105521 0.105141 0.085778 0.108664 0.109470 0.102417 0.099938 0.105998 0.106002 0.099462 0.094410 0.106402 0.087800 0.091111 0.109529 0.107555 0.106864 0.107969 0.099265 0.099453 0.105593 0.097768 0.095405 0.093335 0.089219 0.098421 0.106149 0.101521 0.101458 0.093588 0.106950 0.093320 0.099675 0.111773
0.100598 0.086788 0.092538 0.089622 0.108796 0.100176 0.100062 0.086110 0.109142 0.105533 0.102909 0.100420 0.105870 0.102001 0.099136 0.094823 0.104012 0.091111 0.084723 0.107662 0.108432 0.106976 0.106644 0.099002 0.095701 0.105452 0.094644 0.090646 0.089478 0.087329 0.096072 0.106677 0.097581 0.098722 0.094064 0.107331 0.093795 0.095800 0.107836
0.118658 0.105586 0.111332 0.106526 0.126855 0.122111 0.121698 0.103991 0.127197 0.126404 0.120986 0.118484 0.124664 0.122816 0.118043 0.112931 0.124108 0.109529 0.107662 0.115154 0.126569 0.124691 0.126124 0.117874 0.116580 0.124245 0.115077 0.112144 0.110392 0.101414 0.111396 0.124878 0.118451 0.117109 0.112119 0.125264 0.111847 0.116725 0.128707
0.116242 0.104491 0.110257 0.108071 0.124440 0.122845 0.122459 0.101877 0.124785 0.126845 0.118559 0.116064 0.123558 0.123370 0.117012 0.111525 0.123856 0.107555 0.108432 0.126569 0.120291 0.123126 0.125472 0.116819 0.116842 0.123154 0.115169 0.112744 0.110718 0.106263 0.115503 0.122531 0.118895 0.118637 0.109707 0.123029 0.109437 0.117058 0.129148
0.114772 0.103395 0.109155 0.106232 0.122965 0.121392 0.120997 0.099557 0.123298 0.125468 0.117155 0.114609 0.122464 0.121981 0.115903 0.110303 0.122598 0.106864 0.106976 0.124691 0.123126 0.117531 0.124290 0.115716 0.115486 0.122056 0.113832 0.111315 0.109353 0.104393 0.113685 0.121402 0.117518 0.116972 0.108215 0.121000 0.107936 0.115691 0.127771
0.117678 0.103277 0.109152 0.107752 0.125877 0.121054 0.120740 0.103316 0.126225 0.124235 0.119978 0.117499 0.122296 0.120839 0.114720 0.111945 0.121746 0.107969 0.106644 0.126124 0.125472 0.124290 0.106212 0.115384 0.114057 0.122004 0.113528 0.110890 0.108011 0.105815 0.114898 0.123654 0.116289 0.117762 0.111149 0.124499 0.110881 0.114374 0.126538
0.109037 0.094438 0.100369 0.099399 0.117236 0.113410 0.113050 0.094708 0.117585 0.117196 0.111334 0.108857 0.113496 0.113746 0.106764 0.103317 0.113704 0.099265 0.099002 0.117874 0.116819 0.115716 0.115384 0.105383 0.107141 0.113195 0.105577 0.103267 0.101041 0.097561 0.106709 0.114985 0.109248 0.109639 0.102509 0.115880 0.102241 0.107384 0.119499
0.109024 0.094996 0.100778 0.098436 0.117222 0.110118 0.109914 0.094580 0.117568 0.111976 0.111331 0.108845 0.114071 0.108694 0.107214 0.103260 0.111181 0.099453 0.095701 0.116580 0.116842 0.115486 0.114057 0.107141 0.100859 0.113675 0.103255 0.099913 0.095619 0.096276 0.105194 0.115065 0.104036 0.107903 0.102491 0.115788 0.102222 0.101997 0.114279
0.115375 0.100798 0.106566 0.105758 0.123574 0.119860 0.119491 0.101047 0.123923 0.123715 0.117672 0.115195 0.119961 0.120259 0.113419 0.109648 0.120501 0.105593 0.105452 0.124245 0.123154 0.122056 0.122004 0.113195 0.113675 0.119221 0.111974 0.109719 0.107567 0.103932 0.113089 0.121323 0.115766 0.116026 0.108847 0.122219 0.108579 0.113909 0.126018
0.107355 0.093329 0.099023 0.096825 0.115553 0.109011 0.108679 0.092917 0.115899 0.113221 0.109661 0.107176 0.112425 0.109759 0.105736 0.101585 0.111053 0.097768 0.094644 0.115077 0.115169 0.113832 0.113528 0.105577 0.103255 0.111974 0.093408 0.098553 0.097090 0.094754 0.103719 0.113392 0.105271 0.106355 0.100823 0.114123 0.100554 0.103422 0.115524
0.104915 0.091056 0.096802 0.094033 0.113113 0.104973 0.104720 0.090438 0.113459 0.109803 0.107225 0.104737 0.110139 0.106313 0.103399 0.099139 0.108218 0.095405 0.090646 0.112144 0.112744 0.111315 0.110890 0.103267 0.099913 0.109719 0.098553 0.093512 0.093707 0.091817 0.100667 0.110985 0.101852 0.103216 0.098382 0.111655 0.098112 0.100032 0.112106
0.102898 0.088890 0.094668 0.092277 0.111097 0.103898 0.103700 0.088451 0.111443 0.104371 0.105206 0.102720 0.107965 0.101283 0.101124 0.097135 0.105118 0.093335 0.089478 0.110392 0.110718 0.109353 0.108011 0.101041 0.095619 0.107567 0.097090 0.093707 0.086711 0.090097 0.099009 0.108943 0.096461 0.101727 0.096366 0.109660 0.096097 0.094730 0.106674
0.098355 0.085274 0.091020 0.086199 0.106551 0.101780 0.101363 0.083690 0.106894 0.106135 0.100682 0.098180 0.104351 0.102573 0.097730 0.092623 0.103797 0.089219 0.087329 0.101414 0.106263 0.104393 0.105815 0.097561 0.096276 0.103932 0.094754 0.091817 0.090097 0.079472 0.090471 0.104573 0.098182 0.096724 0.091816 0.104963 0.091544 0.096430 0.108438
0.107604 0.094430 0.100176 0.095572 0.115801 0.110581 0.110185 0.092962 0.116144 0.115049 0.109929 0.107429 0.113508 0.111488 0.106875 0.101864 0.112802 0.098421 0.096072 0.111396 0.115503 0.113685 0.114898 0.106709 0.105194 0.113089 0.103719 0.100667 0.099009 0.090471 0.085306 0.113803 0.107096 0.105832 0.101066 0.114229 0.100794 0.105341 0.117352
0.113155 0.102657 0.108431 0.106389 0.121368 0.121090 0.120706 0.100081 0.121744 0.125073 0.115268 0.112946 0.121720 0.121599 0.115177 0.110110 0.122057 0.106149 0.106677 0.124878 0.122531 0.121402 0.123654 0.114985 0.115065 0.121323 0.113392 0.110985 0.108943 0.104573 0.113803 0.112805 0.117123 0.116922 0.106680 0.120910 0.106432 0.115283 0.127375
0.111073 0.097090 0.102866 0.100410 0.119271 0.112009 0.111818 0.096620 0.119617 0.108497 0.113381 0.110895 0.116166 0.105721 0.109337 0.105309 0.113406 0.101521 0.097581 0.118451 0.118895 0.117518 0.116289 0.109248 0.104036 0.115766 0.105271 0.101852 0.096461 0.098182 0.107096 0.117123 0.098677 0.109856 0.104541 0.117830 0.104271 0.102827 0.110800
0.110770 0.097368 0.103110 0.098886 0.118967 0.113140 0.112653 0.096189 0.119311 0.117807 0.113089 0.110593 0.116448 0.114291 0.109801 0.104982 0.115601 0.101458 0.098722 0.117109 0.118637 0.116972 0.117762 0.109639 0.107903 0.116026 0.106355 0.103216 0.101727 0.096724 0.105832 0.116922 0.109856 0.104797 0.104233 0.117437 0.103962 0.108059 0.120110
0.097920 0.090182 0.095951 0.093635 0.105956 0.108478 0.108090 0.086802 0.105590 0.112490 0.101158 0.098184 0.109248 0.109013 0.102699 0.097384 0.109521 0.093588 0.094064 0.112119 0.109707 0.108215 0.111149 0.102509 0.102491 0.108847 0.100823 0.098382 0.096366 0.091816 0.101066 0.106680 0.104541 0.104233 0.089326 0.107312 0.090537 0.102705 0.114793
0.113895 0.103556 0.109321 0.106787 0.122081 0.121745 0.121355 0.099520 0.122400 0.125780 0.116356 0.113750 0.122624 0.122300 0.116070 0.110604 0.122846 0.106950 0.107331 0.125264 0.123029 0.121000 0.124499 0.115880 0.115788 0.122219 0.114123 0.111655 0.109660 0.104963 0.114229 0.120910 0.117830 0.117437 0.107312 0.112569 0.107022 0.115998 0.128083
0.097777 0.089915 0.095683 0.093363 0.105852 0.108208 0.107821 0.086522 0.105819 0.112221 0.100939 0.097975 0.108980 0.108744 0.102432 0.097113 0.109253 0.093320 0.093795 0.111847 0.109437 0.107936 0.110881 0.102241 0.102222 0.108579 0.100554 0.098112 0.096097 0.091544 0.100794 0.106432 0.104271 0.103962 0.090537 0.107022 0.089419 0.102436 0.114524
0.109237 0.095232 0.101009 0.098612 0.117436 0.110221 0.110024 0.094790 0.117782 0.110770 0.111545 0.109059 0.114307 0.107619 0.107469 0.103474 0.111464 0.099675 0.095800 0.116725 0.117058 0.115691 0.114374 0.107384 0.101997 0.113909 0.103422 0.100032 0.094730 0.096430 0.105341 0.115283 0.102827 0.108059 0.102705 0.115998 0.102436 0.097235 0.113073
0.121326 0.107342 0.113118 0.110664 0.129524 0.122264 0.122073 0.106873 0.129870 0.106416 0.123634 0.121147 0.126418 0.116173 0.119588 0.115562 0.123655 0.111773 0.107836 0.128707 0.129148 0.127771 0.126538 0.119499 0.114279 0.126018 0.115524 0.112106 0.106674 0.108438 0.117352 0.127375 0.110800 0.120110 0.114793 0.128083 0.114524 0.113073 0.093148
