
Using the parameter settings in the file: 
''../../../clumpp.template''

Parameter settings
----------------------- Main parameters -------------------------
DATATYPE = 0
INDFILE = K3.indfile
POPFILE = 
OUTFILE = ../clumpp_out/k3.outfile
MISCFILE = ../clumpp_out/k3.miscfile
K = 3
C = 69
R = 10
M = 1
W = 1
S = 2
- Additional options for the Greedy and LargeKGreedy algorithms -
GREEDY_OPTION = 
REPEATS = 
PERMUTATIONFILE = 
----------------------- Optional outputs ------------------------
PRINT_PERMUTED_DATA = 0
PERMUTED_DATAFILE = 
PRINT_EVERY_PERM = 0
EVERY_PERMFILE = 
PRINT_RANDOM_INPUTORDER = 
RANDOM_INPUTORDERFILE = 
----------------------- Advanced options ------------------------
OVERRIDE_WARNINGS = 0
ORDER_BY_RUN = 1


In total, 10077696 configurations of runs and clusters will be tested.

Results
------------------------------
The highest value of H' is: 0.99862222454181

The list of permutations of the clusters that produces that
H' value is (runs are listed sequentially on separate rows)

1 2 3 
2 3 1 
3 1 2 
3 2 1 
1 3 2 
1 2 3 
1 3 2 
2 1 3 
3 1 2 
2 1 3 

The pairwise G' values for each pair of runs where the clusters
of each run are permuted according to the list of permutations above

1.0000 0.9988 0.9982 0.9986 0.9984 0.9986 0.9988 0.9988 0.9989 0.9990 
0.9988 1.0000 0.9989 0.9992 0.9987 0.9990 0.9991 0.9992 0.9983 0.9984 
0.9982 0.9989 1.0000 0.9991 0.9987 0.9988 0.9987 0.9988 0.9976 0.9977 
0.9986 0.9992 0.9991 1.0000 0.9990 0.9989 0.9989 0.9989 0.9981 0.9982 
0.9984 0.9987 0.9987 0.9990 1.0000 0.9983 0.9985 0.9985 0.9980 0.9980 
0.9986 0.9990 0.9988 0.9989 0.9983 1.0000 0.9992 0.9991 0.9981 0.9982 
0.9988 0.9991 0.9987 0.9989 0.9985 0.9992 1.0000 0.9991 0.9982 0.9983 
0.9988 0.9992 0.9988 0.9989 0.9985 0.9991 0.9991 1.0000 0.9983 0.9984 
0.9989 0.9983 0.9976 0.9981 0.9980 0.9981 0.9982 0.9983 1.0000 0.9993 
0.9990 0.9984 0.9977 0.9982 0.9980 0.9982 0.9983 0.9984 0.9993 1.0000 
