0.103785 0.096758 0.101130 0.101385 0.112088 0.115606 0.114256 0.092768 0.112908 0.119130 0.108140 0.104965 0.114992 0.115528 0.115423 0.103356 0.116460 0.100681 0.100591 0.118768 0.116047 0.115381 0.116170 0.107555 0.109505 0.111055 0.108831 0.105243 0.103101 0.098559 0.107681 0.113417 0.111012 0.112095 0.098125 0.113655 0.098019 0.110294 0.121318
0.096758 0.081816 0.086564 0.088006 0.104614 0.101657 0.100318 0.082031 0.105098 0.105068 0.099436 0.096729 0.100340 0.101477 0.100758 0.090266 0.102169 0.087505 0.086648 0.105394 0.104264 0.103765 0.101536 0.092849 0.095409 0.096336 0.094798 0.091266 0.089027 0.085176 0.094237 0.102715 0.096950 0.098449 0.090203 0.103247 0.089918 0.096222 0.107255
0.101130 0.086564 0.089765 0.092339 0.108986 0.106003 0.104662 0.086399 0.109470 0.109443 0.103809 0.101101 0.104887 0.105851 0.105323 0.094613 0.106616 0.091871 0.090994 0.109729 0.108632 0.108120 0.106089 0.097437 0.099792 0.100738 0.099102 0.095612 0.093404 0.089511 0.098573 0.107094 0.101325 0.102781 0.094575 0.107616 0.094289 0.100599 0.111630
0.101385 0.088006 0.092339 0.088964 0.109239 0.105437 0.104062 0.086475 0.109718 0.109195 0.104093 0.101361 0.106259 0.105567 0.106639 0.094554 0.106932 0.092562 0.090412 0.107497 0.108955 0.107485 0.107331 0.098771 0.099633 0.102292 0.098883 0.095137 0.093189 0.087275 0.096499 0.107558 0.101075 0.101170 0.094821 0.107741 0.094531 0.100376 0.111382
0.112088 0.104614 0.108986 0.109239 0.118760 0.123461 0.122111 0.100614 0.120541 0.126986 0.116040 0.112858 0.122848 0.123383 0.123280 0.111210 0.124315 0.108537 0.108446 0.126622 0.123899 0.123230 0.124027 0.115412 0.117360 0.118911 0.116686 0.113098 0.110956 0.106412 0.115535 0.121290 0.118867 0.119950 0.105800 0.121498 0.105747 0.118149 0.129173
0.115606 0.101657 0.106003 0.105437 0.123461 0.115560 0.114610 0.100784 0.123942 0.120348 0.118300 0.115580 0.119910 0.116740 0.120192 0.108897 0.118878 0.106561 0.100848 0.122526 0.123139 0.122146 0.120773 0.112332 0.110848 0.115956 0.110270 0.105896 0.104337 0.102292 0.111073 0.121677 0.112228 0.114865 0.109046 0.122026 0.108759 0.111511 0.122535
0.114256 0.100318 0.104662 0.104062 0.122111 0.114610 0.112753 0.099432 0.122592 0.119133 0.116950 0.114230 0.118571 0.115526 0.118857 0.107542 0.117620 0.105213 0.099655 0.121163 0.121789 0.120789 0.119443 0.110997 0.109628 0.114616 0.108977 0.104650 0.103122 0.100928 0.109722 0.120328 0.111013 0.113466 0.107696 0.120675 0.107408 0.110296 0.121320
0.092768 0.082031 0.086399 0.086475 0.100614 0.100784 0.099432 0.076881 0.101077 0.104320 0.095560 0.092756 0.100268 0.100716 0.100695 0.088484 0.101674 0.085932 0.085768 0.103854 0.101203 0.100091 0.101439 0.092827 0.094699 0.096326 0.094019 0.090424 0.088293 0.083646 0.092778 0.099619 0.096202 0.097233 0.086172 0.098741 0.085868 0.095485 0.106508
0.112908 0.105098 0.109470 0.109718 0.120541 0.123942 0.122592 0.101077 0.119393 0.127467 0.116619 0.113441 0.123332 0.123864 0.123763 0.111689 0.124797 0.109019 0.108927 0.127101 0.124376 0.123697 0.124510 0.115895 0.117842 0.119394 0.117168 0.113579 0.111438 0.106891 0.116013 0.121813 0.119348 0.120430 0.105462 0.121954 0.105811 0.118630 0.129654
0.119130 0.105068 0.109443 0.109195 0.126986 0.120348 0.119133 0.104320 0.127467 0.104352 0.121821 0.119104 0.123312 0.113823 0.123528 0.112462 0.121627 0.110056 0.105336 0.126236 0.126660 0.125752 0.124018 0.115695 0.112625 0.119379 0.114004 0.109871 0.104346 0.106047 0.114899 0.125183 0.108784 0.118855 0.112571 0.125559 0.112284 0.111615 0.106539
0.108140 0.099436 0.103809 0.104093 0.116040 0.118300 0.116950 0.095560 0.116619 0.121821 0.108212 0.107943 0.117670 0.118219 0.118102 0.106061 0.119147 0.103368 0.103285 0.121477 0.118764 0.118149 0.118849 0.110234 0.112195 0.113733 0.111523 0.107936 0.105792 0.101267 0.110388 0.115920 0.113703 0.114795 0.101771 0.116493 0.101562 0.112985 0.124009
0.104965 0.096729 0.101101 0.101361 0.112858 0.115580 0.114230 0.092756 0.113441 0.119104 0.107943 0.103882 0.114963 0.115501 0.115395 0.103331 0.116433 0.100653 0.100565 0.118745 0.116022 0.115368 0.116142 0.107527 0.109478 0.111026 0.108805 0.105217 0.103075 0.098535 0.107657 0.113365 0.110985 0.112070 0.098599 0.113655 0.098403 0.110267 0.121291
0.114992 0.100340 0.104887 0.106259 0.122848 0.119910 0.118571 0.100268 0.123332 0.123312 0.117670 0.114963 0.118332 0.119722 0.118915 0.108512 0.120419 0.105743 0.104901 0.123646 0.122501 0.122007 0.119696 0.111061 0.113651 0.114723 0.113061 0.109520 0.107270 0.103428 0.112490 0.120945 0.115194 0.116702 0.108438 0.121483 0.108152 0.114466 0.125499
0.115528 0.101477 0.105851 0.105567 0.123383 0.116740 0.115526 0.100716 0.123864 0.113823 0.118219 0.115501 0.119722 0.096367 0.119943 0.108857 0.118084 0.106457 0.101725 0.122541 0.123058 0.122138 0.120439 0.112108 0.109145 0.115788 0.110418 0.106280 0.101025 0.102376 0.111234 0.121582 0.105444 0.115234 0.108968 0.121955 0.108681 0.108227 0.116010
0.115423 0.100758 0.105323 0.106639 0.123280 0.120192 0.118857 0.100695 0.123763 0.123528 0.118102 0.115395 0.118915 0.119943 0.118332 0.108934 0.120648 0.106181 0.105183 0.124015 0.122933 0.122422 0.119425 0.111287 0.113849 0.115155 0.113361 0.109797 0.107482 0.103797 0.112850 0.121381 0.115411 0.117050 0.108869 0.121912 0.108583 0.114679 0.125716
0.103356 0.090266 0.094613 0.094554 0.111210 0.108897 0.107542 0.088484 0.111689 0.112462 0.106061 0.103331 0.108512 0.108857 0.108934 0.089998 0.109853 0.094256 0.093882 0.111983 0.110647 0.110050 0.109673 0.101064 0.102845 0.104553 0.102153 0.098543 0.096436 0.091771 0.100898 0.109540 0.104343 0.105299 0.096792 0.109735 0.096502 0.103627 0.114649
0.116460 0.102169 0.106616 0.106932 0.124315 0.118878 0.117620 0.101674 0.124797 0.121627 0.119147 0.116433 0.120419 0.118084 0.120648 0.109853 0.101689 0.107326 0.103875 0.124145 0.123981 0.123213 0.121263 0.112432 0.111897 0.116512 0.112229 0.108385 0.105550 0.103925 0.112835 0.122479 0.113511 0.116808 0.109902 0.122906 0.109615 0.112742 0.123814
0.100681 0.087505 0.091871 0.092562 0.108537 0.106561 0.105213 0.085932 0.109019 0.110056 0.103368 0.100653 0.105743 0.106457 0.106181 0.094256 0.107326 0.088948 0.091548 0.109969 0.107853 0.107858 0.106936 0.098311 0.100420 0.101798 0.099755 0.096189 0.094023 0.089754 0.098848 0.106739 0.101937 0.103155 0.094123 0.107145 0.093836 0.101216 0.112243
0.100591 0.086648 0.090994 0.090412 0.108446 0.100848 0.099655 0.085768 0.108927 0.105336 0.103285 0.100565 0.104901 0.101725 0.105183 0.093882 0.103875 0.091548 0.084663 0.107473 0.108125 0.107127 0.105765 0.097323 0.095842 0.100946 0.095293 0.090940 0.089329 0.087237 0.095954 0.106663 0.097216 0.099843 0.094031 0.107010 0.093744 0.096502 0.107523
0.118768 0.105394 0.109729 0.107497 0.126622 0.122526 0.121163 0.103854 0.127101 0.126236 0.121477 0.118745 0.123646 0.122541 0.124015 0.111983 0.124145 0.109969 0.107473 0.115222 0.126349 0.124830 0.124693 0.116148 0.116757 0.119682 0.116056 0.112252 0.110281 0.101213 0.111056 0.124948 0.118113 0.118362 0.112203 0.125121 0.111913 0.117468 0.128423
0.116047 0.104264 0.108632 0.108955 0.123899 0.123139 0.121789 0.101203 0.124376 0.126660 0.118764 0.116022 0.122501 0.123058 0.122933 0.110647 0.123981 0.107853 0.108125 0.126349 0.119617 0.123465 0.123681 0.115064 0.117033 0.118559 0.116360 0.112775 0.110630 0.106138 0.115254 0.122415 0.118541 0.119644 0.109478 0.122416 0.109186 0.117823 0.128847
0.115381 0.103765 0.108120 0.107485 0.123230 0.122146 0.120789 0.100091 0.123697 0.125752 0.118149 0.115368 0.122007 0.122138 0.122422 0.110050 0.123213 0.107858 0.107127 0.124830 0.123465 0.098486 0.123150 0.114554 0.116148 0.118057 0.115451 0.111807 0.109731 0.104630 0.113807 0.122009 0.117632 0.118412 0.108794 0.121466 0.108493 0.116922 0.127939
0.116170 0.101536 0.106089 0.107331 0.124027 0.120773 0.119443 0.101439 0.124510 0.124018 0.118849 0.116142 0.119696 0.120439 0.119425 0.109673 0.121263 0.106936 0.105765 0.124693 0.123681 0.123150 0.118332 0.112078 0.114324 0.115927 0.113965 0.110374 0.107964 0.104475 0.113518 0.122133 0.115901 0.117701 0.109615 0.122656 0.109330 0.115165 0.126206
0.107555 0.092849 0.097437 0.098771 0.115412 0.112332 0.110997 0.092827 0.115895 0.115695 0.110234 0.107527 0.111061 0.112108 0.111287 0.101064 0.112432 0.098311 0.097323 0.116148 0.115064 0.114554 0.112078 0.101699 0.106025 0.107259 0.105493 0.101937 0.099651 0.095930 0.104984 0.113514 0.107577 0.109186 0.101001 0.114044 0.100715 0.106847 0.117882
0.109505 0.095409 0.099792 0.099633 0.117360 0.110848 0.109628 0.094699 0.117842 0.112625 0.112195 0.109478 0.113651 0.109145 0.113849 0.102845 0.111897 0.100420 0.095842 0.116757 0.117033 0.116148 0.114324 0.106025 0.101699 0.109724 0.104454 0.100350 0.096466 0.096540 0.105393 0.115551 0.104514 0.109312 0.102946 0.115937 0.102658 0.103698 0.114812
0.111055 0.096336 0.100738 0.102292 0.118911 0.115956 0.114616 0.096326 0.119394 0.119379 0.113733 0.111026 0.114723 0.115788 0.115155 0.104553 0.116512 0.101798 0.100946 0.119682 0.118559 0.118057 0.115927 0.107259 0.109724 0.110240 0.109085 0.105565 0.103339 0.099464 0.108526 0.117014 0.111261 0.112737 0.104500 0.117543 0.104214 0.110534 0.121566
0.108831 0.094798 0.099102 0.098883 0.116686 0.110270 0.108977 0.094019 0.117168 0.114004 0.111523 0.108805 0.113061 0.110418 0.113361 0.102153 0.112229 0.099755 0.095293 0.116056 0.116360 0.115451 0.113965 0.105493 0.104454 0.109085 0.097261 0.099560 0.097973 0.095826 0.104689 0.114887 0.105885 0.108518 0.102272 0.115258 0.101984 0.105151 0.116191
0.105243 0.091266 0.095612 0.095137 0.113098 0.105896 0.104650 0.090424 0.113579 0.109871 0.107936 0.105217 0.109520 0.106280 0.109797 0.098543 0.108385 0.096189 0.090940 0.112252 0.112775 0.111807 0.110374 0.101937 0.100350 0.105565 0.099560 0.094389 0.093848 0.092021 0.100834 0.111309 0.101752 0.104630 0.098683 0.111665 0.098395 0.101022 0.112059
0.103101 0.089027 0.093404 0.093189 0.110956 0.104337 0.103122 0.088293 0.111438 0.104346 0.105792 0.103075 0.107270 0.101025 0.107482 0.096436 0.105550 0.094023 0.089329 0.110281 0.110630 0.109731 0.107964 0.099651 0.096466 0.103339 0.097973 0.093848 0.086711 0.090073 0.098922 0.109151 0.096269 0.102847 0.096542 0.109531 0.096254 0.095787 0.106533
0.098559 0.085176 0.089511 0.087275 0.106412 0.102292 0.100928 0.083646 0.106891 0.106047 0.101267 0.098535 0.103428 0.102376 0.103797 0.091771 0.103925 0.089754 0.087237 0.101213 0.106138 0.104630 0.104475 0.095930 0.096540 0.099464 0.095826 0.092021 0.090073 0.079261 0.090094 0.104737 0.097925 0.098091 0.091994 0.104913 0.091704 0.097260 0.108234
0.107681 0.094237 0.098573 0.096499 0.115535 0.111073 0.109722 0.092778 0.116013 0.114899 0.110388 0.107657 0.112490 0.111234 0.112850 0.100898 0.112835 0.098848 0.095954 0.111056 0.115254 0.113807 0.113518 0.104984 0.105393 0.108526 0.104689 0.100834 0.098922 0.090094 0.084801 0.113847 0.106777 0.107108 0.101116 0.114042 0.100827 0.106107 0.117086
0.113417 0.102715 0.107094 0.107558 0.121290 0.121677 0.120328 0.099619 0.121813 0.125183 0.115920 0.113365 0.120945 0.121582 0.121381 0.109540 0.122479 0.106739 0.106663 0.124948 0.122415 0.122009 0.122133 0.113514 0.115551 0.117014 0.114887 0.111309 0.109151 0.104737 0.113847 0.113043 0.117064 0.118216 0.106936 0.120671 0.106679 0.116344 0.127370
0.111012 0.096950 0.101325 0.101075 0.118867 0.112228 0.111013 0.096202 0.119348 0.108784 0.113703 0.110985 0.115194 0.105444 0.115411 0.104343 0.113511 0.101937 0.097216 0.118113 0.118541 0.117632 0.115901 0.107577 0.104514 0.111261 0.105885 0.101752 0.096269 0.097925 0.106777 0.117064 0.098630 0.110735 0.104453 0.117441 0.104165 0.103499 0.110971
0.112095 0.098449 0.102781 0.101170 0.119950 0.114865 0.113466 0.097233 0.120430 0.118855 0.114795 0.112070 0.116702 0.115234 0.117050 0.105299 0.116808 0.103155 0.099843 0.118362 0.119644 0.118412 0.117701 0.109186 0.109312 0.112737 0.108518 0.104630 0.102847 0.098091 0.107108 0.118216 0.110735 0.108564 0.105533 0.118486 0.105244 0.110029 0.121042
0.098125 0.090203 0.094575 0.094821 0.105800 0.109046 0.107696 0.086172 0.105462 0.112571 0.101771 0.098599 0.108438 0.108968 0.108869 0.096792 0.109902 0.094123 0.094031 0.112203 0.109478 0.108794 0.109615 0.101001 0.102946 0.104500 0.102272 0.098683 0.096542 0.091994 0.101116 0.106936 0.104453 0.105533 0.088892 0.107045 0.090662 0.103735 0.114758
0.113655 0.103247 0.107616 0.107741 0.121498 0.122026 0.120675 0.098741 0.121954 0.125559 0.116493 0.113655 0.121483 0.121955 0.121912 0.109735 0.122906 0.107145 0.107010 0.125121 0.122416 0.121466 0.122656 0.114044 0.115937 0.117543 0.115258 0.111665 0.109531 0.104913 0.114042 0.120671 0.117441 0.118486 0.107045 0.118121 0.106733 0.116724 0.127746
0.098019 0.089918 0.094289 0.094531 0.105747 0.108759 0.107408 0.085868 0.105811 0.112284 0.101562 0.098403 0.108152 0.108681 0.108583 0.096502 0.109615 0.093836 0.093744 0.111913 0.109186 0.108493 0.109330 0.100715 0.102658 0.104214 0.101984 0.098395 0.096254 0.091704 0.100827 0.106679 0.104165 0.105244 0.090662 0.106733 0.089165 0.103447 0.114471
0.110294 0.096222 0.100599 0.100376 0.118149 0.111511 0.110296 0.095485 0.118630 0.111615 0.112985 0.110267 0.114466 0.108227 0.114679 0.103627 0.112742 0.101216 0.096502 0.117468 0.117823 0.116922 0.115165 0.106847 0.103698 0.110534 0.105151 0.101022 0.095787 0.097260 0.106107 0.116344 0.103499 0.110029 0.103735 0.116724 0.103447 0.101356 0.113802
0.121318 0.107255 0.111630 0.111382 0.129173 0.122535 0.121320 0.106508 0.129654 0.106539 0.124009 0.121291 0.125499 0.116010 0.125716 0.114649 0.123814 0.112243 0.107523 0.128423 0.128847 0.127939 0.126206 0.117882 0.114812 0.121566 0.116191 0.112059 0.106533 0.108234 0.117086 0.127370 0.110971 0.121042 0.114758 0.127746 0.114471 0.113802 0.093241
