      AMA340 0.0002 0.0004 0.0002 0.0061 0.7711 0.2220 
      AMA601 0.0006 0.0002 0.0002 0.0172 0.7817 0.2002 
      AMA656 0.0003 0.0002 0.0006 0.0222 0.7915 0.1851 
    AMANA034 0.0016 0.0007 0.0006 0.1211 0.8034 0.0726 
    AMANA137 0.0046 0.0003 0.0005 0.1359 0.7998 0.0589 
      AMZ551 0.0013 0.0005 0.0221 0.1721 0.7424 0.0616 
      AMZ610 0.0005 0.0066 0.0008 0.1647 0.7780 0.0495 
       B4615 0.0003 0.0001 0.0002 0.0033 0.7705 0.2256 
       B5082 0.0004 0.0002 0.0004 0.0065 0.7832 0.2094 
       BR033 0.0019 0.0006 0.0010 0.2480 0.7469 0.0016 
       BR036 0.0068 0.0002 0.0005 0.2357 0.7542 0.0026 
     BR36440 0.0013 0.0014 0.0011 0.0122 0.7928 0.1912 
      CAM117 0.0004 0.0002 0.0003 0.0046 0.7583 0.2362 
      CPE012 0.0094 0.0586 0.2595 0.0013 0.6709 0.0004 
      CPE025 0.0137 0.0576 0.2444 0.0033 0.6805 0.0005 
      CPE049 0.0105 0.0744 0.1995 0.0038 0.7111 0.0007 
      CPE069 0.0086 0.0855 0.2232 0.0074 0.6745 0.0008 
    CPEII008 0.0080 0.0795 0.2371 0.0021 0.6728 0.0004 
      CUJ027 0.0005 0.0002 0.0003 0.0285 0.7715 0.1991 
      CUJ072 0.0005 0.0001 0.0002 0.0301 0.7872 0.1819 
      FPR006 0.0003 0.0001 0.0001 0.1256 0.7556 0.1182 
      FPR015 0.0029 0.0003 0.0006 0.1280 0.7867 0.0815 
      FPR021 0.0003 0.0001 0.0002 0.1674 0.7578 0.0741 
    GAPTO259 0.2152 0.0356 0.0338 0.0025 0.7124 0.0005 
    GAPTO268 0.2237 0.0382 0.0241 0.0016 0.7119 0.0005 
    GAPTO277 0.1570 0.0305 0.0301 0.0105 0.7710 0.0009 
    GAPTO327 0.2107 0.0393 0.0315 0.0024 0.7154 0.0006 
      MAM010 0.0017 0.0003 0.0003 0.1225 0.7809 0.0943 
      MAR092 0.0008 0.0005 0.0005 0.1192 0.7973 0.0816 
       MF005 0.0286 0.0015 0.0150 0.2043 0.7474 0.0032 
     MPDS628 0.0023 0.0003 0.0019 0.1214 0.8109 0.0631 
      MSF107 0.0042 0.0105 0.0115 0.1730 0.7974 0.0034 
       MT087 0.0002 0.0001 0.0001 0.2001 0.7451 0.0543 
       MT123 0.0002 0.0001 0.0001 0.2199 0.7506 0.0291 
       OM022 0.0003 0.0002 0.0002 0.0505 0.7539 0.1949 
       OM112 0.0003 0.0001 0.0002 0.0404 0.7529 0.2060 
       OM172 0.0004 0.0002 0.0002 0.0375 0.7724 0.1893 
       OP100 0.0006 0.0002 0.0002 0.1436 0.7436 0.1119 
     PIME024 0.0004 0.0006 0.0003 0.1721 0.7646 0.0620 
     PIME062 0.0004 0.0001 0.0001 0.1545 0.7730 0.0719 
     PIME079 0.0004 0.0014 0.0004 0.1090 0.8032 0.0857 
     PIME134 0.0503 0.0209 0.0059 0.1495 0.7702 0.0031 
     PIME135 0.0358 0.0022 0.0263 0.1728 0.7611 0.0018 
     PIME169 0.0008 0.0002 0.0002 0.1461 0.7781 0.0746 
     PIME460 0.0004 0.0002 0.0004 0.1413 0.7676 0.0902 
     PIME482 0.0140 0.0010 0.0123 0.1903 0.7791 0.0033 
     PIME521 0.0346 0.0009 0.0043 0.1669 0.7893 0.0040 
     PIME522 0.0060 0.0011 0.0123 0.2057 0.7696 0.0054 
    PPBIO221 0.0505 0.0193 0.0374 0.1076 0.7837 0.0015 
    PPBIO305 0.0400 0.0289 0.0298 0.1329 0.7671 0.0013 
      PPS041 0.0005 0.0002 0.0004 0.1744 0.7829 0.0416 
      PPS174 0.0003 0.0007 0.0009 0.2034 0.7938 0.0009 
      PPS221 0.0004 0.0002 0.0002 0.1683 0.7970 0.0340 
      PPS352 0.0027 0.0021 0.0013 0.1494 0.7932 0.0513 
      PUC008 0.0003 0.0001 0.0003 0.0440 0.7716 0.1837 
      RDO007 0.0774 0.0495 0.0484 0.0797 0.7439 0.0011 
      TLP025 0.0004 0.0003 0.0003 0.2158 0.7755 0.0077 
      TLP123 0.0003 0.0001 0.0002 0.2351 0.7607 0.0036 
    UFAC1007 0.0004 0.0005 0.0004 0.0089 0.7996 0.1902 
     UFAC305 0.0002 0.0001 0.0002 0.0294 0.7746 0.1955 
     UFAC476 0.0003 0.0002 0.0002 0.0053 0.8003 0.1937 
      UHE442 0.0549 0.0212 0.0289 0.1500 0.7342 0.0107 
      UNA002 0.0100 0.2593 0.0446 0.0015 0.6840 0.0006 
      UNA018 0.0030 0.2797 0.0411 0.0018 0.6739 0.0004 
      UNA088 0.0114 0.2140 0.0592 0.0083 0.7058 0.0013 
      UNA110 0.0136 0.2607 0.0480 0.0011 0.6761 0.0004 
      UNA124 0.0015 0.2374 0.0523 0.0036 0.7044 0.0008 
       WM281 0.0110 0.0206 0.0048 0.1636 0.7878 0.0121 
       WM293 0.0429 0.0033 0.0158 0.1830 0.7522 0.0028 
