      AMA340 0.2214 0.0004 0.0049 0.0002 0.0002 0.7729 
      AMA601 0.2019 0.0002 0.0135 0.0006 0.0002 0.7837 
      AMA656 0.1876 0.0002 0.0178 0.0004 0.0006 0.7934 
    AMANA034 0.0756 0.0006 0.1162 0.0019 0.0007 0.8051 
    AMANA137 0.0618 0.0003 0.1301 0.0056 0.0005 0.8017 
      AMZ551 0.0636 0.0004 0.1677 0.0017 0.0220 0.7445 
      AMZ610 0.0519 0.0063 0.1602 0.0007 0.0009 0.7800 
       B4615 0.2241 0.0001 0.0029 0.0003 0.0002 0.7724 
       B5082 0.2092 0.0002 0.0050 0.0004 0.0003 0.7850 
       BR033 0.0018 0.0006 0.2452 0.0028 0.0009 0.7487 
       BR036 0.0030 0.0002 0.2327 0.0073 0.0005 0.7562 
     BR36440 0.1899 0.0012 0.0115 0.0015 0.0011 0.7947 
      CAM117 0.2351 0.0002 0.0039 0.0004 0.0003 0.7602 
      CPE012 0.0005 0.0482 0.0012 0.0167 0.2600 0.6734 
      CPE025 0.0005 0.0472 0.0034 0.0202 0.2456 0.6831 
      CPE049 0.0008 0.0629 0.0042 0.0174 0.2010 0.7137 
      CPE069 0.0009 0.0724 0.0086 0.0150 0.2259 0.6773 
    CPEII008 0.0005 0.0677 0.0023 0.0148 0.2391 0.6756 
      CUJ027 0.2030 0.0001 0.0225 0.0006 0.0003 0.7734 
      CUJ072 0.1848 0.0001 0.0253 0.0006 0.0002 0.7890 
      FPR006 0.1231 0.0001 0.1186 0.0004 0.0001 0.7577 
      FPR015 0.0841 0.0002 0.1228 0.0037 0.0006 0.7886 
      FPR021 0.0772 0.0001 0.1623 0.0004 0.0002 0.7598 
    GAPTO259 0.0006 0.0293 0.0022 0.2222 0.0307 0.7150 
    GAPTO268 0.0005 0.0319 0.0015 0.2313 0.0202 0.7146 
    GAPTO277 0.0009 0.0244 0.0101 0.1637 0.0275 0.7733 
    GAPTO327 0.0006 0.0328 0.0024 0.2179 0.0281 0.7181 
      MAM010 0.0971 0.0003 0.1176 0.0020 0.0002 0.7828 
      MAR092 0.0839 0.0004 0.1152 0.0009 0.0005 0.7990 
       MF005 0.0038 0.0012 0.1999 0.0321 0.0136 0.7493 
     MPDS628 0.0662 0.0003 0.1161 0.0027 0.0021 0.8127 
      MSF107 0.0038 0.0088 0.1713 0.0057 0.0112 0.7993 
       MT087 0.0554 0.0001 0.1971 0.0003 0.0001 0.7470 
       MT123 0.0305 0.0001 0.2167 0.0002 0.0001 0.7524 
       OM022 0.1986 0.0002 0.0447 0.0003 0.0002 0.7559 
       OM112 0.2109 0.0001 0.0335 0.0004 0.0002 0.7549 
       OM172 0.1939 0.0002 0.0308 0.0005 0.0002 0.7743 
       OP100 0.1156 0.0002 0.1377 0.0007 0.0002 0.7456 
     PIME024 0.0648 0.0006 0.1674 0.0005 0.0003 0.7664 
     PIME062 0.0745 0.0001 0.1499 0.0004 0.0001 0.7748 
     PIME079 0.0885 0.0015 0.1042 0.0004 0.0004 0.8051 
     PIME134 0.0036 0.0179 0.1465 0.0546 0.0052 0.7723 
     PIME135 0.0019 0.0017 0.1690 0.0391 0.0252 0.7631 
     PIME169 0.0774 0.0002 0.1412 0.0010 0.0002 0.7800 
     PIME460 0.0938 0.0002 0.1356 0.0004 0.0004 0.7696 
     PIME482 0.0040 0.0009 0.1860 0.0165 0.0117 0.7808 
     PIME521 0.0045 0.0008 0.1619 0.0376 0.0041 0.7912 
     PIME522 0.0062 0.0008 0.2019 0.0080 0.0118 0.7713 
    PPBIO221 0.0017 0.0155 0.1049 0.0558 0.0364 0.7857 
    PPBIO305 0.0014 0.0252 0.1315 0.0433 0.0294 0.7693 
      PPS041 0.0439 0.0002 0.1702 0.0006 0.0004 0.7847 
      PPS174 0.0010 0.0006 0.2014 0.0004 0.0010 0.7955 
      PPS221 0.0357 0.0001 0.1649 0.0005 0.0002 0.7987 
      PPS352 0.0540 0.0021 0.1442 0.0034 0.0013 0.7950 
      PUC008 0.1876 0.0001 0.0381 0.0004 0.0003 0.7735 
      RDO007 0.0013 0.0427 0.0779 0.0842 0.0477 0.7462 
      TLP025 0.0084 0.0003 0.2132 0.0006 0.0003 0.7773 
      TLP123 0.0043 0.0001 0.2324 0.0004 0.0002 0.7626 
    UFAC1007 0.1902 0.0004 0.0071 0.0005 0.0004 0.8014 
     UFAC305 0.2005 0.0001 0.0225 0.0002 0.0002 0.7765 
     UFAC476 0.1931 0.0002 0.0041 0.0004 0.0002 0.8021 
      UHE442 0.0123 0.0173 0.1449 0.0603 0.0287 0.7365 
      UNA002 0.0011 0.2381 0.0029 0.0178 0.0519 0.6883 
      UNA018 0.0006 0.2574 0.0045 0.0114 0.0479 0.6782 
      UNA088 0.0020 0.1932 0.0130 0.0187 0.0637 0.7094 
      UNA110 0.0007 0.2401 0.0019 0.0211 0.0559 0.6803 
      UNA124 0.0012 0.2171 0.0100 0.0045 0.0589 0.7083 
       WM281 0.0136 0.0168 0.1586 0.0159 0.0053 0.7899 
       WM293 0.0032 0.0025 0.1788 0.0467 0.0145 0.7543 
