0.104741 0.104714 0.103183 0.100116 0.111748 0.114868 0.114589 0.093498 0.112221 0.119395 0.107773 0.106969 0.116070 0.115844 0.108842 0.103956 0.116164 0.100424 0.100336 0.118811 0.116948 0.114576 0.119399 0.105898 0.109559 0.116034 0.107211 0.104768 0.103456 0.098975 0.108172 0.113275 0.111216 0.111699 0.097546 0.115523 0.097575 0.108894 0.121726
0.104714 0.096831 0.095777 0.094301 0.111363 0.108239 0.107977 0.089823 0.111623 0.112653 0.106471 0.105934 0.108637 0.109117 0.101386 0.098248 0.109053 0.094401 0.093782 0.112931 0.112569 0.110265 0.112232 0.098356 0.102798 0.108493 0.100337 0.098094 0.096706 0.093050 0.102061 0.110338 0.104476 0.105516 0.096896 0.112436 0.096859 0.102144 0.114985
0.103183 0.095777 0.093391 0.092705 0.109831 0.106646 0.106382 0.088276 0.110091 0.111088 0.104940 0.104403 0.107301 0.107551 0.100063 0.096693 0.107596 0.092869 0.092188 0.111340 0.111030 0.108709 0.110816 0.097063 0.101235 0.106907 0.098620 0.096503 0.095140 0.091459 0.100466 0.108812 0.102910 0.103908 0.095364 0.110891 0.095328 0.100579 0.113419
0.100116 0.094301 0.092705 0.085594 0.106764 0.103146 0.102842 0.084785 0.107021 0.107833 0.101878 0.101337 0.105696 0.104262 0.098389 0.093500 0.105098 0.090497 0.088503 0.106152 0.107997 0.104775 0.108494 0.095435 0.098023 0.105597 0.095922 0.093115 0.091907 0.086312 0.095717 0.105945 0.099653 0.099220 0.092293 0.107474 0.092255 0.097343 0.110164
0.111748 0.111363 0.109831 0.106764 0.117336 0.121516 0.121237 0.100144 0.118631 0.126043 0.114435 0.113619 0.122718 0.122492 0.115491 0.110604 0.122813 0.107073 0.106984 0.125459 0.123595 0.121222 0.126048 0.112547 0.116207 0.122683 0.113859 0.111416 0.110104 0.105622 0.114819 0.119931 0.117864 0.118346 0.103998 0.122154 0.104074 0.115542 0.128374
0.114868 0.108239 0.106646 0.103146 0.121516 0.113979 0.113922 0.099748 0.121774 0.119320 0.116627 0.116088 0.119655 0.115800 0.112171 0.108304 0.117577 0.104890 0.099903 0.121260 0.122730 0.119970 0.121329 0.109216 0.109471 0.119543 0.108180 0.104267 0.103362 0.101267 0.109688 0.120597 0.111144 0.113415 0.107047 0.122402 0.107010 0.108799 0.121651
0.114589 0.107977 0.106382 0.102842 0.121237 0.113922 0.113214 0.099464 0.121495 0.119139 0.116348 0.115809 0.119393 0.115617 0.111915 0.108023 0.117362 0.104616 0.099569 0.120952 0.122450 0.119682 0.121103 0.108960 0.109291 0.119280 0.107952 0.104087 0.103182 0.100956 0.109370 0.120320 0.110962 0.113083 0.106768 0.122119 0.106731 0.108619 0.121470
0.093498 0.089823 0.088276 0.084785 0.100144 0.099748 0.099464 0.076857 0.100399 0.104309 0.095267 0.094719 0.101190 0.100756 0.093940 0.088735 0.101164 0.085524 0.085196 0.103486 0.101865 0.098597 0.104437 0.090996 0.094478 0.101137 0.092177 0.089662 0.088373 0.083665 0.092913 0.099664 0.096131 0.096457 0.085670 0.100508 0.085630 0.093810 0.106641
0.112221 0.111623 0.110091 0.107021 0.118631 0.121774 0.121495 0.100399 0.117519 0.126302 0.114717 0.113890 0.122978 0.122751 0.115751 0.110862 0.123072 0.107333 0.107243 0.125716 0.123854 0.121477 0.126308 0.112807 0.116466 0.122943 0.114119 0.111675 0.110363 0.105880 0.115077 0.120204 0.118123 0.118605 0.103458 0.122376 0.103954 0.115801 0.128634
0.119395 0.112653 0.111088 0.107833 0.126043 0.119320 0.119139 0.104309 0.126302 0.103958 0.121153 0.120615 0.124063 0.113364 0.116490 0.112851 0.121559 0.109385 0.105100 0.125902 0.127261 0.124551 0.125083 0.113564 0.112537 0.123971 0.112713 0.109022 0.104190 0.105994 0.114522 0.125112 0.108527 0.118254 0.111574 0.126956 0.111537 0.109477 0.106289
0.107773 0.106471 0.104940 0.101878 0.114435 0.116627 0.116348 0.095267 0.114717 0.121153 0.108831 0.108975 0.117826 0.117603 0.110599 0.105717 0.117922 0.102182 0.102095 0.120573 0.118709 0.116346 0.121157 0.107655 0.111318 0.117791 0.108969 0.106527 0.105215 0.100736 0.109933 0.114999 0.112975 0.113459 0.099999 0.117380 0.099974 0.110652 0.123485
0.106969 0.105934 0.104403 0.101337 0.113619 0.116088 0.115809 0.094719 0.113890 0.120615 0.108975 0.107807 0.117290 0.117065 0.110062 0.105177 0.117385 0.101644 0.101557 0.120032 0.118167 0.115798 0.120620 0.107118 0.110780 0.117254 0.108432 0.105988 0.104677 0.100196 0.109393 0.114494 0.112437 0.112919 0.099170 0.116781 0.099144 0.110114 0.122947
0.116070 0.108637 0.107301 0.105696 0.122718 0.119655 0.119393 0.101190 0.122978 0.124063 0.117826 0.117290 0.119491 0.120526 0.112598 0.109620 0.120470 0.105760 0.105196 0.124328 0.123930 0.121636 0.123517 0.109726 0.114207 0.120072 0.111789 0.109511 0.108115 0.104449 0.113465 0.121689 0.115885 0.116922 0.108251 0.123800 0.108215 0.113554 0.126394
0.115844 0.109117 0.107551 0.104262 0.122492 0.115800 0.115617 0.100756 0.122751 0.113364 0.117603 0.117065 0.120526 0.096214 0.112957 0.109301 0.118052 0.105842 0.101565 0.122248 0.123711 0.120991 0.121582 0.110031 0.109075 0.120434 0.109196 0.105510 0.100832 0.102379 0.110912 0.121563 0.104824 0.114698 0.108024 0.123403 0.107987 0.106065 0.115695
0.108842 0.101386 0.100063 0.098389 0.115491 0.112171 0.111915 0.093940 0.115751 0.116490 0.110599 0.110062 0.112598 0.112957 0.102518 0.102380 0.112900 0.098546 0.097732 0.116986 0.116697 0.114377 0.115033 0.102150 0.106623 0.112834 0.104409 0.102012 0.100540 0.097100 0.106084 0.114467 0.108313 0.109567 0.101024 0.116555 0.100987 0.105979 0.118822
0.103956 0.098248 0.096693 0.093500 0.110604 0.108304 0.108023 0.088735 0.110862 0.112851 0.105717 0.105177 0.109620 0.109301 0.102380 0.091241 0.109655 0.093750 0.093773 0.112258 0.111459 0.109111 0.112907 0.099432 0.103016 0.109557 0.100699 0.098209 0.096913 0.092416 0.101589 0.109756 0.104673 0.105090 0.096134 0.111433 0.096096 0.102350 0.115183
0.116164 0.109053 0.107596 0.105098 0.122813 0.117577 0.117362 0.101164 0.123072 0.121559 0.117922 0.117385 0.120470 0.118052 0.112900 0.109655 0.102832 0.106026 0.103267 0.123466 0.124026 0.121492 0.122576 0.109410 0.111666 0.120423 0.110382 0.107336 0.105592 0.103538 0.112262 0.121841 0.113384 0.115839 0.108345 0.123796 0.108308 0.111032 0.123891
0.100424 0.094401 0.092869 0.090497 0.107073 0.104890 0.104616 0.085524 0.107333 0.109385 0.102182 0.101644 0.105760 0.105842 0.098546 0.093750 0.106026 0.087753 0.090390 0.109188 0.107890 0.106017 0.109224 0.095602 0.099541 0.105719 0.097145 0.094774 0.093443 0.089329 0.098422 0.106096 0.101207 0.101893 0.092606 0.108143 0.092569 0.098881 0.111717
0.100336 0.093782 0.092188 0.088503 0.106984 0.099903 0.099569 0.085196 0.107243 0.105100 0.102095 0.101557 0.105196 0.101565 0.097732 0.093773 0.103267 0.090390 0.082704 0.106525 0.108200 0.105397 0.106981 0.094776 0.095265 0.105085 0.093880 0.090091 0.089152 0.086503 0.094682 0.106073 0.096923 0.098733 0.092515 0.107853 0.092478 0.094588 0.107432
0.118811 0.112931 0.111340 0.106152 0.125459 0.121260 0.120952 0.103486 0.125716 0.125902 0.120573 0.120032 0.124328 0.122248 0.116986 0.112258 0.123466 0.109188 0.106525 0.113201 0.126700 0.123479 0.126919 0.114033 0.116193 0.124230 0.114274 0.111264 0.110035 0.101522 0.112329 0.124636 0.117716 0.117640 0.110988 0.126173 0.110950 0.115467 0.128233
0.116948 0.112569 0.111030 0.107997 0.123595 0.122730 0.122450 0.101865 0.123854 0.127261 0.118709 0.118167 0.123930 0.123711 0.116697 0.111459 0.124026 0.107890 0.108200 0.126700 0.119188 0.122746 0.127266 0.113753 0.117425 0.123885 0.115080 0.112631 0.111322 0.106862 0.116049 0.122876 0.119083 0.119562 0.109126 0.124569 0.109089 0.116760 0.129593
0.114576 0.110265 0.108709 0.104775 0.121222 0.119970 0.119682 0.098597 0.121477 0.124551 0.116346 0.115798 0.121636 0.120991 0.114377 0.109111 0.121492 0.106017 0.105397 0.123479 0.122746 0.115141 0.124789 0.111431 0.114726 0.121575 0.112464 0.109894 0.108618 0.103667 0.112979 0.120677 0.116372 0.116573 0.106747 0.121250 0.106707 0.114054 0.126882
0.119399 0.112232 0.110816 0.108494 0.126048 0.121329 0.121103 0.104437 0.126308 0.125083 0.121157 0.120620 0.123517 0.121582 0.115033 0.112907 0.122576 0.109224 0.106981 0.126919 0.127266 0.124789 0.093742 0.113047 0.115178 0.123630 0.114008 0.111115 0.109107 0.107006 0.115805 0.125063 0.116908 0.119342 0.111580 0.127062 0.111544 0.114557 0.127414
0.105898 0.098356 0.097063 0.095435 0.112547 0.109216 0.108960 0.090996 0.112807 0.113564 0.107655 0.107118 0.109726 0.110031 0.102150 0.099432 0.109410 0.095602 0.094776 0.114033 0.113753 0.111431 0.113047 0.096831 0.103702 0.109823 0.101431 0.099057 0.097615 0.094147 0.103132 0.111525 0.105387 0.106610 0.098080 0.113610 0.098043 0.103053 0.115896
0.109559 0.102798 0.101235 0.098023 0.116207 0.109471 0.109291 0.094478 0.116466 0.112537 0.111318 0.110780 0.114207 0.109075 0.106623 0.103016 0.111666 0.099541 0.095265 0.116193 0.117425 0.114726 0.115178 0.103702 0.101841 0.114117 0.102856 0.099164 0.096536 0.096238 0.104758 0.115274 0.104367 0.108433 0.101739 0.117125 0.101702 0.101989 0.114869
0.116034 0.108493 0.106907 0.105597 0.122683 0.119543 0.119280 0.101137 0.122943 0.123971 0.117791 0.117254 0.120072 0.120434 0.112834 0.109557 0.120423 0.105719 0.105085 0.124230 0.123885 0.121575 0.123630 0.109823 0.114117 0.119491 0.111591 0.109399 0.108024 0.104350 0.113360 0.121660 0.115794 0.116810 0.108216 0.123750 0.108179 0.113462 0.126303
0.107211 0.100337 0.098620 0.095922 0.113859 0.108180 0.107952 0.092177 0.114119 0.112713 0.108969 0.108432 0.111789 0.109196 0.104409 0.100699 0.110382 0.097145 0.093880 0.114274 0.115080 0.112464 0.114008 0.101431 0.102856 0.111591 0.093391 0.097913 0.096755 0.094334 0.102968 0.112908 0.104537 0.106521 0.099392 0.114817 0.099355 0.102193 0.115045
0.104768 0.098094 0.096503 0.093115 0.111416 0.104267 0.104087 0.089662 0.111675 0.109022 0.106527 0.105988 0.109511 0.105510 0.102012 0.098209 0.107336 0.094774 0.090091 0.111264 0.112631 0.109894 0.111115 0.099057 0.099164 0.109399 0.097913 0.093638 0.093059 0.091283 0.099752 0.110492 0.100846 0.103437 0.096947 0.112313 0.096910 0.098496 0.111353
0.103456 0.096706 0.095140 0.091907 0.110104 0.103362 0.103182 0.088373 0.110363 0.104190 0.105215 0.104677 0.108115 0.100832 0.100540 0.096913 0.105592 0.093443 0.089152 0.110035 0.111322 0.108618 0.109107 0.097615 0.096536 0.108024 0.096755 0.093059 0.087489 0.090098 0.098620 0.109172 0.096041 0.102318 0.095636 0.111020 0.095599 0.093989 0.106521
0.098975 0.093050 0.091459 0.086312 0.105622 0.101267 0.100956 0.083665 0.105880 0.105994 0.100736 0.100196 0.104449 0.102379 0.097100 0.092416 0.103538 0.089329 0.086503 0.101522 0.106862 0.103667 0.107006 0.094147 0.096238 0.104350 0.094334 0.091283 0.090098 0.079368 0.091755 0.104793 0.097811 0.097680 0.091152 0.106349 0.091114 0.095532 0.108326
0.108172 0.102061 0.100466 0.095717 0.114819 0.109688 0.109370 0.092913 0.115077 0.114522 0.109933 0.109393 0.113465 0.110912 0.106084 0.101589 0.112262 0.098422 0.094682 0.112329 0.116049 0.112979 0.115805 0.103132 0.104758 0.113360 0.102968 0.099752 0.098620 0.091755 0.082704 0.113968 0.106339 0.106665 0.100350 0.115589 0.100312 0.104053 0.116853
0.113275 0.110338 0.108812 0.105945 0.119931 0.120597 0.120320 0.099664 0.120204 0.125112 0.114999 0.114494 0.121689 0.121563 0.114467 0.109756 0.121841 0.106096 0.106073 0.124636 0.122876 0.120677 0.125063 0.111525 0.115274 0.121660 0.112908 0.110492 0.109172 0.104793 0.113968 0.113512 0.116933 0.117481 0.105482 0.122006 0.105451 0.114610 0.127443
0.111216 0.104476 0.102910 0.099653 0.117864 0.111144 0.110962 0.096131 0.118123 0.108527 0.112975 0.112437 0.115885 0.104824 0.108313 0.104673 0.113384 0.101207 0.096923 0.117716 0.119083 0.116372 0.116908 0.105387 0.104367 0.115794 0.104537 0.100846 0.096041 0.097811 0.106339 0.116933 0.098416 0.110075 0.103396 0.118778 0.103359 0.101293 0.110858
0.111699 0.105516 0.103908 0.099220 0.118346 0.113415 0.113083 0.096457 0.118605 0.118254 0.113459 0.112919 0.116922 0.114698 0.109567 0.105090 0.115839 0.101893 0.098733 0.117640 0.119562 0.116573 0.119342 0.106610 0.108433 0.116810 0.106521 0.103437 0.102318 0.097680 0.106665 0.117481 0.110075 0.105340 0.103877 0.119134 0.103839 0.107755 0.120585
0.097546 0.096896 0.095364 0.092293 0.103998 0.107047 0.106768 0.085670 0.103458 0.111574 0.099999 0.099170 0.108251 0.108024 0.101024 0.096134 0.108345 0.092606 0.092515 0.110988 0.109126 0.106747 0.111580 0.098080 0.101739 0.108216 0.099392 0.096947 0.095636 0.091152 0.100350 0.105482 0.103396 0.103877 0.087162 0.107631 0.089018 0.101074 0.113906
0.115523 0.112436 0.110891 0.107474 0.122154 0.122402 0.122119 0.100508 0.122376 0.126956 0.117380 0.116781 0.123800 0.123403 0.116555 0.111433 0.123796 0.108143 0.107853 0.126173 0.124569 0.121250 0.127062 0.113610 0.117125 0.123750 0.114817 0.112313 0.111020 0.106349 0.115589 0.122006 0.118778 0.119134 0.107631 0.077750 0.107569 0.116457 0.129288
0.097575 0.096859 0.095328 0.092255 0.104074 0.107010 0.106731 0.085630 0.103954 0.111537 0.099974 0.099144 0.108215 0.107987 0.100987 0.096096 0.108308 0.092569 0.092478 0.110950 0.109089 0.106707 0.111544 0.098043 0.101702 0.108179 0.099355 0.096910 0.095599 0.091114 0.100312 0.105451 0.103359 0.103839 0.089018 0.107569 0.088442 0.101036 0.113869
0.108894 0.102144 0.100579 0.097343 0.115542 0.108799 0.108619 0.093810 0.115801 0.109477 0.110652 0.110114 0.113554 0.106065 0.105979 0.102350 0.111032 0.098881 0.094588 0.115467 0.116760 0.114054 0.114557 0.103053 0.101989 0.113462 0.102193 0.098496 0.093989 0.095532 0.104053 0.114610 0.101293 0.107755 0.101074 0.116457 0.101036 0.095429 0.111808
0.121726 0.114985 0.113419 0.110164 0.128374 0.121651 0.121470 0.106641 0.128634 0.106289 0.123485 0.122947 0.126394 0.115695 0.118822 0.115183 0.123891 0.111717 0.107432 0.128233 0.129593 0.126882 0.127414 0.115896 0.114869 0.126303 0.115045 0.111353 0.106521 0.108326 0.116853 0.127443 0.110858 0.120585 0.113906 0.129288 0.113869 0.111808 0.093171
