0.103842 0.096512 0.102447 0.100206 0.112356 0.115027 0.114965 0.093525 0.113297 0.119302 0.108013 0.104757 0.115900 0.115677 0.109970 0.104079 0.116427 0.100180 0.100581 0.118437 0.116571 0.114930 0.117247 0.108511 0.109323 0.113861 0.107626 0.105145 0.102893 0.098481 0.107781 0.113129 0.110950 0.110494 0.097747 0.113908 0.097873 0.109494 0.121202
0.096512 0.081421 0.087643 0.086823 0.104593 0.100891 0.100851 0.082223 0.105234 0.105030 0.099145 0.096299 0.101030 0.101425 0.095107 0.090785 0.101931 0.086599 0.086468 0.105091 0.104505 0.103310 0.102515 0.093590 0.095011 0.098963 0.093305 0.090979 0.088600 0.085117 0.094303 0.102452 0.096679 0.096768 0.089604 0.103186 0.089595 0.095204 0.106929
0.102447 0.087643 0.092823 0.092728 0.110528 0.106800 0.106759 0.088153 0.111169 0.110964 0.105081 0.102234 0.107093 0.107358 0.101184 0.096705 0.107912 0.092533 0.092377 0.111000 0.110439 0.109235 0.108563 0.099690 0.100951 0.104890 0.099141 0.096886 0.094537 0.091026 0.100210 0.108393 0.102613 0.102670 0.095538 0.109117 0.095530 0.101140 0.112864
0.100206 0.086823 0.092728 0.085811 0.108284 0.104026 0.103921 0.085582 0.108919 0.108544 0.102864 0.099998 0.106223 0.104890 0.100218 0.094451 0.106005 0.090978 0.089542 0.106487 0.108311 0.106393 0.107279 0.098791 0.098627 0.104163 0.096997 0.094200 0.092166 0.086511 0.095917 0.106417 0.100190 0.098607 0.093285 0.106642 0.093273 0.098762 0.110444
0.112356 0.104593 0.110528 0.108284 0.119306 0.123107 0.123045 0.101598 0.121156 0.127382 0.116124 0.112861 0.123981 0.123757 0.118051 0.112158 0.124507 0.108261 0.108661 0.126515 0.124650 0.123004 0.125328 0.116592 0.117403 0.121942 0.115706 0.113225 0.110973 0.106559 0.115860 0.121225 0.119030 0.118573 0.105643 0.121977 0.105820 0.117574 0.129282
0.115027 0.100891 0.106800 0.104026 0.123107 0.114352 0.114753 0.100575 0.123744 0.119958 0.117672 0.114817 0.120300 0.116313 0.114107 0.109279 0.118195 0.105444 0.100304 0.121849 0.123074 0.121525 0.120634 0.112764 0.110105 0.118239 0.109111 0.105066 0.103587 0.101836 0.110629 0.121097 0.111603 0.112841 0.108113 0.121585 0.108102 0.110171 0.121858
0.114965 0.100851 0.106759 0.103921 0.123045 0.114753 0.113776 0.100509 0.123683 0.120097 0.117611 0.114755 0.120261 0.116453 0.114078 0.109216 0.118275 0.105391 0.100412 0.121761 0.123013 0.121453 0.120635 0.112730 0.110237 0.118199 0.109118 0.105170 0.103724 0.101745 0.110562 0.121040 0.111742 0.112680 0.108051 0.121520 0.108040 0.110308 0.121996
0.093525 0.082223 0.088153 0.085582 0.101598 0.100575 0.100509 0.077620 0.102221 0.104880 0.096228 0.093326 0.101614 0.101249 0.095675 0.089566 0.102048 0.085890 0.086124 0.103789 0.102212 0.099705 0.102926 0.094219 0.094910 0.099570 0.093221 0.090701 0.088476 0.083838 0.093169 0.100204 0.096527 0.095953 0.086583 0.099479 0.086563 0.095076 0.106780
0.113297 0.105234 0.111169 0.108919 0.121156 0.123744 0.123683 0.102221 0.120403 0.128021 0.116833 0.113569 0.124622 0.124395 0.118692 0.112794 0.125147 0.108901 0.109298 0.127149 0.125287 0.123628 0.125968 0.117233 0.118042 0.122583 0.116345 0.113863 0.111612 0.107193 0.116494 0.121897 0.119668 0.119209 0.105455 0.122589 0.106032 0.118212 0.129920
0.119302 0.105030 0.110964 0.108544 0.127382 0.119958 0.120097 0.104880 0.128021 0.104515 0.121945 0.119091 0.124435 0.113979 0.118131 0.113558 0.121558 0.109661 0.105601 0.126332 0.127340 0.125854 0.124256 0.116859 0.112422 0.122390 0.113668 0.110052 0.104434 0.106376 0.115275 0.125350 0.108565 0.117626 0.112389 0.125881 0.112378 0.111058 0.106415
0.108013 0.099145 0.105081 0.102864 0.116124 0.117672 0.117611 0.096228 0.116833 0.121945 0.109200 0.107715 0.118533 0.118320 0.112604 0.106730 0.119067 0.102816 0.103227 0.121096 0.119219 0.117629 0.119882 0.111145 0.111965 0.116494 0.110268 0.107790 0.105536 0.101140 0.110438 0.115638 0.113593 0.113146 0.101232 0.116659 0.101268 0.112137 0.123845
0.104757 0.096299 0.102234 0.099998 0.112861 0.114817 0.114755 0.093326 0.113569 0.119091 0.107715 0.103866 0.115687 0.115466 0.109757 0.103869 0.116215 0.099967 0.100371 0.118229 0.116358 0.114731 0.117034 0.108298 0.109112 0.113648 0.107415 0.104935 0.102682 0.098274 0.107573 0.112899 0.110739 0.110285 0.097973 0.113721 0.098019 0.109283 0.120991
0.115900 0.101030 0.107093 0.106223 0.123981 0.120300 0.120261 0.101614 0.124622 0.124435 0.118533 0.115687 0.120217 0.120830 0.114446 0.110179 0.121343 0.105987 0.105877 0.124492 0.123894 0.122703 0.121867 0.112987 0.114414 0.118448 0.112726 0.110389 0.108004 0.104519 0.113705 0.121837 0.116084 0.116173 0.108992 0.122576 0.108983 0.114608 0.126335
0.115677 0.101425 0.107358 0.104890 0.123757 0.116313 0.116453 0.101249 0.124395 0.113979 0.118320 0.115466 0.120830 0.096921 0.114537 0.109934 0.118028 0.106045 0.101948 0.122597 0.123716 0.122220 0.120695 0.113258 0.108984 0.118784 0.110055 0.106422 0.101165 0.102669 0.111575 0.121729 0.105335 0.113972 0.108764 0.122253 0.108753 0.107733 0.115879
0.109970 0.095107 0.101184 0.100218 0.118051 0.114107 0.114078 0.095675 0.118692 0.118131 0.112604 0.109757 0.114446 0.114537 0.105804 0.104246 0.115083 0.100077 0.099690 0.118459 0.117968 0.116756 0.114368 0.106874 0.108079 0.112537 0.106611 0.104193 0.101689 0.098484 0.107648 0.115915 0.109781 0.110104 0.103062 0.116640 0.103053 0.108296 0.120031
0.104079 0.090785 0.096705 0.094451 0.112158 0.109279 0.109216 0.089566 0.112794 0.113558 0.106730 0.103869 0.110179 0.109934 0.104246 0.092657 0.110682 0.094439 0.094834 0.112780 0.111863 0.110603 0.111526 0.102788 0.103578 0.108126 0.101871 0.099396 0.097148 0.092818 0.102101 0.110254 0.105206 0.104737 0.097161 0.110593 0.097149 0.103749 0.115458
0.116427 0.101931 0.107912 0.106005 0.124507 0.118195 0.118275 0.102048 0.125147 0.121558 0.119067 0.116215 0.121343 0.118028 0.115083 0.110682 0.107697 0.106694 0.103827 0.124002 0.124448 0.123058 0.121711 0.113587 0.111410 0.119313 0.111330 0.108249 0.105053 0.104016 0.112999 0.122439 0.113212 0.115343 0.109515 0.123036 0.109505 0.111665 0.123457
0.100180 0.086599 0.092533 0.090978 0.108261 0.105444 0.105391 0.085890 0.108901 0.109661 0.102816 0.099967 0.105987 0.106045 0.100077 0.094439 0.106694 0.087369 0.091009 0.109267 0.107802 0.107031 0.107413 0.098609 0.099664 0.103945 0.097945 0.095546 0.093242 0.089299 0.098540 0.106199 0.101309 0.101090 0.093271 0.106845 0.093261 0.099844 0.111560
0.100581 0.086468 0.092377 0.089542 0.108661 0.100304 0.100412 0.086124 0.109298 0.105601 0.103227 0.100371 0.105877 0.101948 0.099690 0.094834 0.103827 0.091009 0.084301 0.107325 0.108630 0.107068 0.106233 0.098345 0.095753 0.103816 0.094755 0.090781 0.089235 0.087306 0.096000 0.106655 0.097245 0.098338 0.093666 0.107136 0.093656 0.095818 0.107500
0.118437 0.105091 0.111000 0.106487 0.126515 0.121849 0.121761 0.103789 0.127149 0.126332 0.121096 0.118229 0.124492 0.122597 0.118459 0.112780 0.124002 0.109267 0.107325 0.115265 0.126566 0.124582 0.125439 0.117043 0.116514 0.122433 0.115013 0.112057 0.110020 0.100963 0.111069 0.124662 0.117973 0.116664 0.111515 0.124856 0.111502 0.116615 0.128232
0.116571 0.104505 0.110439 0.108311 0.124650 0.123074 0.123013 0.102212 0.125287 0.127340 0.119219 0.116358 0.123894 0.123716 0.117968 0.111863 0.124448 0.107802 0.108630 0.126566 0.120524 0.123490 0.125255 0.116507 0.117358 0.121853 0.115655 0.113189 0.110929 0.106607 0.115894 0.122870 0.118988 0.118568 0.109655 0.123161 0.109643 0.117530 0.129239
0.114930 0.103310 0.109235 0.106393 0.123004 0.121525 0.121453 0.099705 0.123628 0.125854 0.117629 0.114731 0.122703 0.122220 0.116756 0.110603 0.123058 0.107031 0.107068 0.124582 0.123490 0.118564 0.123986 0.115303 0.115891 0.120655 0.114212 0.111657 0.109453 0.104634 0.113995 0.121540 0.117501 0.116828 0.107990 0.120940 0.107970 0.116053 0.127754
0.117247 0.102515 0.108563 0.107279 0.125328 0.120634 0.120635 0.102926 0.125968 0.124256 0.119882 0.117034 0.121867 0.120695 0.114368 0.111526 0.121711 0.107413 0.106233 0.125439 0.125255 0.123986 0.106168 0.114299 0.114132 0.119930 0.113385 0.110710 0.107767 0.105462 0.114570 0.123215 0.115908 0.116980 0.110337 0.123897 0.110328 0.114390 0.126156
0.108511 0.093590 0.099690 0.098791 0.116592 0.112764 0.112730 0.094219 0.117233 0.116859 0.111145 0.108298 0.112987 0.113258 0.106874 0.102788 0.113587 0.098609 0.098345 0.117043 0.116507 0.115303 0.114299 0.104238 0.106829 0.111033 0.105217 0.102851 0.100424 0.097069 0.106245 0.114454 0.108508 0.108707 0.101603 0.115183 0.101594 0.107029 0.118758
0.109323 0.095011 0.100951 0.098627 0.117403 0.110105 0.110237 0.094910 0.118042 0.112422 0.111965 0.109112 0.114414 0.108984 0.108079 0.103578 0.111410 0.099664 0.095753 0.116514 0.117358 0.115891 0.114132 0.106829 0.101354 0.112373 0.103731 0.100180 0.095803 0.096528 0.105428 0.115364 0.104085 0.107730 0.102410 0.115909 0.102400 0.102451 0.114322
0.113861 0.098963 0.104890 0.104163 0.121942 0.118239 0.118199 0.099570 0.122583 0.122390 0.116494 0.113648 0.118448 0.118784 0.112537 0.108126 0.119313 0.103945 0.103816 0.122433 0.121853 0.120655 0.119930 0.111033 0.112373 0.116020 0.110630 0.108327 0.105961 0.102460 0.111646 0.119803 0.114039 0.114109 0.106952 0.120533 0.106943 0.112564 0.124289
0.107626 0.093305 0.099141 0.096997 0.115706 0.109111 0.109118 0.093221 0.116345 0.113668 0.110268 0.107415 0.112726 0.110055 0.106611 0.101871 0.111330 0.097945 0.094755 0.115013 0.115655 0.114212 0.113385 0.105217 0.103731 0.110630 0.092175 0.098950 0.097260 0.095016 0.103970 0.113661 0.105316 0.106190 0.100713 0.114217 0.100703 0.103852 0.115568
0.105145 0.090979 0.096886 0.094200 0.113225 0.105066 0.105170 0.090701 0.113863 0.110052 0.107790 0.104935 0.110389 0.106422 0.104193 0.099396 0.108249 0.095546 0.090781 0.112057 0.113189 0.111657 0.110710 0.102851 0.100180 0.108327 0.098950 0.094009 0.093669 0.092048 0.100877 0.111210 0.101698 0.103075 0.098231 0.111709 0.098220 0.100253 0.111952
0.102893 0.088600 0.094537 0.092166 0.110973 0.103587 0.103724 0.088476 0.111612 0.104434 0.105536 0.102682 0.108004 0.101165 0.101689 0.097148 0.105053 0.093242 0.089235 0.110020 0.110929 0.109453 0.107767 0.100424 0.095803 0.105961 0.097260 0.093669 0.086658 0.090042 0.098938 0.108937 0.096123 0.101251 0.095980 0.109476 0.095969 0.094820 0.106333
0.098481 0.085117 0.091026 0.086511 0.106559 0.101836 0.101745 0.083838 0.107193 0.106376 0.101140 0.098274 0.104519 0.102669 0.098484 0.092818 0.104016 0.089299 0.087306 0.100963 0.106607 0.104634 0.105462 0.097069 0.096528 0.102460 0.095016 0.092048 0.090042 0.079323 0.090462 0.104702 0.098018 0.096622 0.091560 0.104904 0.091547 0.096636 0.108276
0.107781 0.094303 0.100210 0.095917 0.115860 0.110629 0.110562 0.093169 0.116494 0.115275 0.110438 0.107573 0.113705 0.111575 0.107648 0.102101 0.112999 0.098540 0.096000 0.111069 0.115894 0.113995 0.114570 0.106245 0.105428 0.111646 0.103970 0.100877 0.098938 0.090462 0.083978 0.113981 0.106918 0.105760 0.100861 0.114227 0.100848 0.105530 0.117175
0.113129 0.102452 0.108393 0.106417 0.121225 0.121097 0.121040 0.100204 0.121897 0.125350 0.115638 0.112899 0.121837 0.121729 0.115915 0.110254 0.122439 0.106199 0.106655 0.124662 0.122870 0.121540 0.123215 0.114454 0.115364 0.119803 0.113661 0.111210 0.108937 0.104702 0.113981 0.113529 0.116998 0.116640 0.106279 0.120821 0.106289 0.115538 0.127250
0.110950 0.096679 0.102613 0.100190 0.119030 0.111603 0.111742 0.096527 0.119668 0.108565 0.113593 0.110739 0.116084 0.105335 0.109781 0.105206 0.113212 0.101309 0.097245 0.117973 0.118988 0.117501 0.115908 0.108508 0.104085 0.114039 0.105316 0.101698 0.096123 0.098018 0.106918 0.116998 0.098160 0.109271 0.104037 0.117529 0.104026 0.102720 0.110465
0.110494 0.096768 0.102670 0.098607 0.118573 0.112841 0.112680 0.095953 0.119209 0.117626 0.113146 0.110285 0.116173 0.113972 0.110104 0.104737 0.115343 0.101090 0.098338 0.116664 0.118568 0.116828 0.116980 0.108707 0.107730 0.114109 0.106190 0.103075 0.101251 0.096622 0.105760 0.116640 0.109271 0.104308 0.103577 0.116989 0.103565 0.107843 0.119525
0.097747 0.089604 0.095538 0.093285 0.105643 0.108113 0.108051 0.086583 0.105455 0.112389 0.101232 0.097973 0.108992 0.108764 0.103062 0.097161 0.109515 0.093271 0.093666 0.111515 0.109655 0.107990 0.110337 0.101603 0.102410 0.106952 0.100713 0.098231 0.095980 0.091560 0.100861 0.106279 0.104037 0.103577 0.088229 0.106945 0.090148 0.102581 0.114289
0.113908 0.103186 0.109117 0.106642 0.121977 0.121585 0.121520 0.099479 0.122589 0.125881 0.116659 0.113721 0.122576 0.122253 0.116640 0.110593 0.123036 0.106845 0.107136 0.124856 0.123161 0.120940 0.123897 0.115183 0.115909 0.120533 0.114217 0.111709 0.109476 0.104904 0.114227 0.120821 0.117529 0.116989 0.106945 0.116995 0.106916 0.116076 0.127781
0.097873 0.089595 0.095530 0.093273 0.105820 0.108102 0.108040 0.086563 0.106032 0.112378 0.101268 0.098019 0.108983 0.108753 0.103053 0.097149 0.109505 0.093261 0.093656 0.111502 0.109643 0.107970 0.110328 0.101594 0.102400 0.106943 0.100703 0.098220 0.095969 0.091547 0.100848 0.106289 0.104026 0.103565 0.090148 0.106916 0.089016 0.102570 0.114278
0.109494 0.095204 0.101140 0.098762 0.117574 0.110171 0.110308 0.095076 0.118212 0.111058 0.112137 0.109283 0.114608 0.107733 0.108296 0.103749 0.111665 0.099844 0.095818 0.116615 0.117530 0.116053 0.114390 0.107029 0.102451 0.112564 0.103852 0.100253 0.094820 0.096636 0.105530 0.115538 0.102720 0.107843 0.102581 0.116076 0.102570 0.097507 0.112958
0.121202 0.106929 0.112864 0.110444 0.129282 0.121858 0.121996 0.106780 0.129920 0.106415 0.123845 0.120991 0.126335 0.115879 0.120031 0.115458 0.123457 0.111560 0.107500 0.128232 0.129239 0.127754 0.126156 0.118758 0.114322 0.124289 0.115568 0.111952 0.106333 0.108276 0.117175 0.127250 0.110465 0.119525 0.114289 0.127781 0.114278 0.112958 0.092879
